2.463497598405874811e+01 2.778966733495651624e+02 5.852570695054973271e+01 4.157929883587260456e+00 -5.830117180485065376e+01 -7.743109832065049147e+01
2.506931360350854732e+01 2.718378136953592730e+02 5.091199763718423554e+01 4.257730506885620159e+00 -6.513144927023810737e+01 -7.885359412453901484e+01
2.543016921368541716e+01 2.651548126224697626e+02 4.315486488401776910e+01 3.243595614491046053e+00 -7.238314262551365630e+01 -8.018297367893967476e+01
2.575796752679697121e+01 2.569367853811497184e+02 3.447999382026522142e+01 2.765501291427654884e+00 -8.019422002132274940e+01 -8.119911213150525953e+01
2.599934988177504280e+01 2.486910367231814121e+02 2.645825307176630048e+01 2.029504788666131265e+00 -8.855791545873724147e+01 -8.233896870325931161e+01
2.612695774894189071e+01 2.396295347089372569e+02 1.838077810121831490e+01 1.180146011586547194e+00 -9.687166263582298598e+01 -8.327171308080674805e+01
2.619169795447476190e+01 2.296919524189655988e+02 1.021551430176969610e+01 6.408256532821499096e-01 -1.068716214758386371e+02 -8.384796005429404886e+01
2.614200104451558104e+01 2.176526854389084065e+02 1.176303417205234014e+00 -1.050656663282829140e+00 -1.178586709598127555e+02 -8.396759901171851936e+01
2.596053115003305223e+01 2.055715152909949097e+02 -7.011690336576308802e+00 -2.676069864837946177e+00 -1.294828839715030995e+02 -8.382641837599967971e+01
2.563235987711420805e+01 1.923342587759811408e+02 -1.517198617825128615e+01 -3.961159873102949813e+00 -1.416590516376360824e+02 -8.345511654411886582e+01
2.514985859557375036e+01 1.777998584557425659e+02 -2.329392953657847798e+01 -6.294971549702887970e+00 -1.565314842383125722e+02 -8.208618562644404903e+01
2.442192967602380804e+01 1.600502774549756566e+02 -3.187471828679645469e+01 -8.286722898837187046e+00 -1.745461732955411662e+02 -7.864246060581579911e+01
2.344017850922554658e+01 1.420854713195049897e+02 -3.933851301322022209e+01 -1.122738058769813740e+01 -1.940521687211234223e+02 -7.409930417149395510e+01
2.218323169938465611e+01 1.221111735952387676e+02 -4.621707208513229403e+01 -1.501061297953171270e+01 -2.168183445479399154e+02 -6.563264982054458585e+01
2.050515494848853848e+01 9.963407028669927001e+01 -5.206070541653718209e+01 -2.000240845895293518e+01 -2.435402875446608277e+02 -5.249681405724929562e+01
1.797771699325200245e+01 7.151812498896116210e+01 -5.635657630641809135e+01 -2.778775703433160160e+01 -2.806954133146740560e+02 -2.430727572058613362e+01
1.478309239846587886e+01 4.238269790082123478e+01 -5.662475800637663070e+01 -3.848297072392553275e+01 -3.161591866864503118e+02 2.367651924794196461e+01
1.034909092773872175e+01 1.053455226638686071e+01 -5.029356922560158694e+01 -5.174611584838373801e+01 -3.274876467528225135e+02 1.124375290126370857e+02
4.954198535318091068e+00 -1.907935336440398544e+01 -3.463662807770325713e+01 -5.649602243489768227e+01 -2.675455904217852776e+02 1.997608091818211449e+02
-7.403867896655522696e-01 -4.269575261270112065e+01 -1.134278897210611348e+01 -4.924312300946623111e+01 -1.759320064112060038e+02 2.231872947894456161e+02
-5.189918350607467978e+00 -5.691474433466066074e+01 9.969282135835955572e+00 -4.147499711680031709e+01 -1.185541768729275844e+02 2.112765013318792171e+02
-8.911945416323813873e+00 -6.648491856075821715e+01 2.966320656984509796e+01 -3.507960180592489507e+01 -7.950885454454450496e+01 1.922595278268869947e+02
-1.198113485481775875e+01 -7.281411515349293495e+01 4.752006405497007080e+01 -2.832866299816556221e+01 -5.143032828432142622e+01 1.738749773638281795e+02
-1.480535371897823893e+01 -7.707139492159848260e+01 6.509328619649092218e+01 -2.371986682809830427e+01 -2.864210349592402238e+01 1.537663958852476185e+02
-1.687596784414012774e+01 -7.902180444644990587e+01 7.930317669807733694e+01 -1.908060767451969042e+01 -1.215613099935542785e+01 1.374279339635569386e+02
-1.858098135020526342e+01 -7.951925356751100082e+01 9.194918731133780909e+01 -1.595838652762111387e+01 1.127509441391910672e+00 1.223683227572891923e+02
-1.995282742895421890e+01 -7.886908691818013040e+01 1.031933418079153739e+02 -1.251352974304938748e+01 1.247794820835172303e+01 1.079084172724946171e+02
-2.105216903949623486e+01 -7.717421605093321091e+01 1.130850907523940663e+02 -9.216153740102603464e+00 2.194552163111421805e+01 9.454707414606285454e+01
-2.187632794569998040e+01 -7.426362741054835226e+01 1.224710799934974403e+02 -6.477019555806686313e+00 3.123781623483676029e+01 8.019076488898535615e+01
-2.243630526180059803e+01 -7.082964211857020587e+01 1.296907580307497199e+02 -4.029943753291604480e+00 3.907405731054026887e+01 6.761097330671989880e+01
-2.272021419759355254e+01 -6.664935948668208709e+01 1.356749100881383754e+02 -1.699804958323317461e+00 4.537472666697202328e+01 5.533945937623138889e+01
-2.279250034473473008e+01 -6.193508324012252331e+01 1.404513626085625049e+02 7.383806247276547552e-01 5.156229872712463447e+01 4.298166834929635627e+01
-2.257964982205594495e+01 -5.613605711422528088e+01 1.443423750131718748e+02 3.039933085983486993e+00 5.716227148855577411e+01 2.950768196886067329e+01
-2.215970364508172352e+01 -5.034475795357094796e+01 1.466193940196877179e+02 5.747001983125407776e+00 6.183720385157511146e+01 1.707294753805796717e+01
-2.154821519442361577e+01 -4.408340439975739145e+01 1.476617386477530260e+02 7.108420166974553034e+00 6.602276916190730560e+01 4.249556050674210717e+00
-2.075500972203380456e+01 -3.743255940029471418e+01 1.475636732305567023e+02 9.490698467534373961e+00 6.988683568931739387e+01 -7.224963620856637903e+00
-1.960455210984492425e+01 -2.971464862768455006e+01 1.459134432467864997e+02 1.205092145193093245e+01 7.422289081912636277e+01 -2.222716558119588015e+01
-1.832851712559128998e+01 -2.227937496347491830e+01 1.431251726308013019e+02 1.415818801481785449e+01 7.740981437690825828e+01 -3.583677048428265977e+01
-1.684454183048278608e+01 -1.463840097568685827e+01 1.389186549442139551e+02 1.637291475311199562e+01 7.975057149890888297e+01 -5.027528563550065144e+01
-1.509428947029754298e+01 -6.761382363395147976e+00 1.332965676435660498e+02 1.857558213187636653e+01 8.179206404679806042e+01 -6.528547498271848326e+01
-1.294964150633282784e+01 2.158220563567904815e+00 1.252978640036289875e+02 2.138444258668596376e+01 8.364885503713033188e+01 -8.386256636977635992e+01
-1.072779985206402564e+01 1.039653126863650279e+01 1.162111812038016296e+02 2.375325579789814867e+01 8.505577278942121211e+01 -1.021760116497153348e+02
-8.252591557760101892e+00 1.867034977350089875e+01 1.052631309336448737e+02 2.680034740689259820e+01 8.399512751568701674e+01 -1.227915112951859840e+02
-5.490917660100956610e+00 2.681435800770430689e+01 9.214698473363274900e+01 2.979076205122561660e+01 8.173607508342406902e+01 -1.469338043989132245e+02
-2.117790313496151100e+00 3.536667115086120106e+01 7.478413621294046720e+01 3.370782805361913148e+01 7.719549075801312199e+01 -1.771606716652918294e+02
1.355793772970032895e+00 4.250941784108000832e+01 5.581634768017235615e+01 3.703759356810923720e+01 6.719285419866423581e+01 -2.123138382251572978e+02
5.147724535574079496e+00 4.820184326459065716e+01 3.307958497105027362e+01 4.061570538118087370e+01 4.786898064370961237e+01 -2.554505017902091879e+02
9.290690880014052411e+00 5.106584959042196203e+01 5.549310980268721494e+00 4.335255690142241747e+01 4.350584894662780755e+00 -3.100386523833838055e+02
1.372066219524636743e+01 4.604405754207876811e+01 -3.082067344466224768e+01 3.596270817091279071e+01 -1.137046742732780018e+02 -3.543219137464159303e+02
1.607577020184681516e+01 2.843750857830550061e+01 -6.213543620338633389e+01 1.157019260983734910e+01 -2.276700627120395382e+02 -2.674935358916437167e+02
1.636483276436348078e+01 5.458514404980804535e+00 -8.279329739975101177e+01 -2.806619688117534483e+00 -2.326177105458700112e+02 -1.632194942870998773e+02
1.574907738173126326e+01 -1.610976111519825338e+01 -9.538162413697051534e+01 -8.977157437235478099e+00 -2.075493051032252652e+02 -9.922514471095303179e+01
1.472140491220115166e+01 -3.500325746730802479e+01 -1.028714712115333754e+02 -1.157742387627391700e+01 -1.806067634077253388e+02 -5.725071640704226894e+01
1.341843933937959044e+01 -5.297639287029912936e+01 -1.071573716814940411e+02 -1.303194907255171842e+01 -1.535863660765337499e+02 -2.410903474022745030e+01
1.213802722827119140e+01 -6.677242088263186304e+01 -1.083681685124757763e+02 -1.348310823926712132e+01 -1.297965966445959793e+02 -1.368388078641082028e+00
1.081739711993117226e+01 -7.839039871990671315e+01 -1.075573466912500464e+02 -1.349728666874097449e+01 -1.082010961282207262e+02 1.704715889568297627e+01
9.460324327104846276e+00 -8.787793413758404881e+01 -1.051320409815025414e+02 -1.372144929946602865e+01 -8.666761522139856311e+01 3.249924265105663324e+01
8.086577501602080886e+00 -9.596749604146070567e+01 -1.008097714125396891e+02 -1.271051876030882966e+01 -6.376760561730550592e+01 4.735934522115680778e+01
6.828303711150350175e+00 -1.011398133282530409e+02 -9.562457851601939751e+01 -1.186786142745678063e+01 -4.258736009031146352e+01 5.849743338099150947e+01
5.758875272467570916e+00 -1.042895143159094715e+02 -8.941016685350874127e+01 -1.115576575803748938e+01 -2.070140429864751752e+01 6.857738704112588835e+01
4.732188762988139175e+00 -1.052054992679723000e+02 -8.223110877421514431e+01 -9.649569349124863749e+00 1.355193500576369336e+00 7.748254023921715827e+01
3.720461352549590206e+00 -1.037317406210541435e+02 -7.344975110035450427e+01 -8.556494935167677340e+00 2.676866029886657827e+01 8.623415277415935520e+01
3.054515278806793965e+00 -9.986269911127305932e+01 -6.466672991015198591e+01 -6.064491780316320302e+00 5.247415010137782332e+01 9.308412530838535304e+01
2.547546861516169159e+00 -9.339485272670719951e+01 -5.530371232707796736e+01 -3.935714168962532788e+00 8.069583674239353854e+01 9.856908454555149035e+01
2.310775625494103647e+00 -8.392173634917155312e+01 -4.548144017907447534e+01 -9.065610616706544223e-01 1.136185742487522816e+02 1.023324547807523430e+02
2.489852865084383637e+00 -6.943692886325789004e+01 -3.446873838072466611e+01 4.371921352839743591e+00 1.577198086130792092e+02 1.024596681165283201e+02
3.180669657803799844e+00 -5.160239528432862244e+01 -2.474681146954022637e+01 1.079820371558950853e+01 2.095456359574761223e+02 9.506690754087497908e+01
4.718562032606605783e+00 -2.789623617299424652e+01 -1.648982528950891435e+01 2.197787603830495584e+01 2.795785348562702666e+02 6.856192242213764132e+01
7.818458148694143794e+00 3.519680848851249877e+00 -1.339873548213443399e+01 4.334361820361856132e+01 3.612853563695269941e+02 -2.353734698135751202e+01
1.362608463793529445e+01 4.058058557094427243e+01 -2.623462960853854398e+01 5.769351890372045233e+01 2.867259231574815885e+02 -1.952888039094266617e+02
1.878285938789655063e+01 6.226075390871105952e+01 -4.652011424742811130e+01 4.651623591837061156e+01 1.667502331823370127e+02 -2.079896127630568685e+02
2.277794018783460217e+01 7.478006263150595601e+01 -6.583335217621939250e+01 3.563195997685762961e+01 9.569205632023805208e+01 -1.861910217723143148e+02
2.581711841354859871e+01 8.160882094133725673e+01 -8.279403501092545525e+01 2.747991597598492675e+01 4.689675749475924960e+01 -1.612580123461541177e+02
2.834420886230567405e+01 8.441513200259036864e+01 -9.862038606520992801e+01 1.943283110965136373e+01 7.587720557757443807e+00 -1.333078864665791059e+02
2.986886277581189120e+01 8.379826940424007375e+01 -1.104494068220962504e+02 1.290085803418143229e+01 -1.999652647843589648e+01 -1.086615326499687484e+02
3.087015440329719240e+01 8.062890736716755669e+01 -1.198492632634729205e+02 7.520692380553232859e+00 -4.388204238570480697e+01 -8.351202454320636548e+01
3.131889699285166628e+01 7.527536632025203289e+01 -1.267431804998844598e+02 1.384249931185736804e+00 -6.497664286939840395e+01 -5.749933023581505154e+01
3.114019487175204404e+01 6.808730589869995242e+01 -1.310766112496064295e+02 -3.678007721007160669e+00 -8.318360554443417243e+01 -3.024739235555563610e+01
3.037429409760862953e+01 5.814233939712922705e+01 -1.326199150505441082e+02 -1.112140374666365084e+01 -1.011883224879663032e+02 1.811015946347279248e+00
2.905238948681290978e+01 4.751340425813439339e+01 -1.308614558273442299e+02 -1.639333557580663836e+01 -1.160025356387027671e+02 3.553449451539850656e+01
