1.904630064964294434e+00 3.543035984039306641e+00 -1.922241687774658203e+00 9.430731082486019101e-01 2.865571487711638721e+00 -9.013455362166408191e-01
1.934492940932832195e+00 3.606165471645881748e+00 -1.944163011297620480e+00 9.767930291776746321e-01 2.866482350706168081e+00 -9.807328215934612015e-01
1.961225770354698028e+00 3.664313679500010412e+00 -1.963186659793108468e+00 1.033396718410666493e+00 2.887790415643088693e+00 -1.013849765187200491e+00
1.985371081069485344e+00 3.718515718646981938e+00 -1.979845923764053328e+00 1.106424053932589358e+00 2.924231859786515564e+00 -1.010377653969483314e+00
2.007471400916789772e+00 3.769806700132085187e+00 -1.994674093713387775e+00 1.189414913728455758e+00 2.970542860400565477e+00 -9.799977749119355153e-01
2.028069257736206055e+00 3.819221735000610352e+00 -2.008204460144042969e+00 1.275909175783277894e+00 3.021459594749354327e+00 -9.323914149861819434e-01
2.047707179367328933e+00 3.867795934297845850e+00 -2.020970313558951403e+00 1.359446718082067740e+00 3.071718240096999342e+00 -8.772398611638480004e-01
2.066927693649752928e+00 3.916564409069081432e+00 -2.033504944461043795e+00 1.433567418609837052e+00 3.116054973707615527e+00 -8.242244004165586446e-01
2.086273328423073448e+00 3.966562270359608622e+00 -2.046341643353253748e+00 1.491811155351599139e+00 3.149205972845320112e+00 -7.830263197159399446e-01
2.106286611526884567e+00 4.018824629214713617e+00 -2.060013700738512199e+00 1.527717806292365088e+00 3.165907414774228545e+00 -7.633269060336160816e-01
2.127510070800781250e+00 4.074386596679687500e+00 -2.075054407119750977e+00 1.534827249417147099e+00 3.160895476758457168e+00 -7.748074463412129020e-01
2.150325638503370218e+00 4.133935773844007677e+00 -2.091750984405539970e+00 1.509928289711092608e+00 3.133495868458035627e+00 -8.223407749962995394e-01
2.174472864569300334e+00 4.196769721973903522e+00 -2.109406380126997327e+00 1.462805440159886894e+00 3.101392429116642813e+00 -8.915659159002193856e-01
2.199530703352235328e+00 4.261838492379794729e+00 -2.127077473220880144e+00 1.406492140749350028e+00 3.086858530373872256e+00 -9.633134403402607848e-01
2.225078109205835819e+00 4.328092136372096554e+00 -2.143821142623945075e+00 1.354021831465302306e+00 3.112167543869314823e+00 -1.018413919603710971e+00
2.250694036483764648e+00 4.394480705261231357e+00 -2.158694267272949219e+00 1.318427952293564687e+00 3.199592841242566266e+00 -1.037697924977857955e+00
2.275984021959768011e+00 4.460263323231396626e+00 -2.171063636392131624e+00 1.310033612499400535e+00 3.361843307538884051e+00 -1.008131334632647036e+00
2.300659932087937509e+00 4.525935405961939217e+00 -2.181535680355672913e+00 1.328320598465853042e+00 3.573369881426205374e+00 -9.412212542686564376e-01
2.324460215742448099e+00 4.592301442005980228e+00 -2.191026739825235214e+00 1.370060365855407580e+00 3.799059014978131366e+00 -8.546100964691226709e-01
2.347123321797476070e+00 4.660165919916647859e+00 -2.200453155462482435e+00 1.432024370330551521e+00 4.003797160268265820e+00 -7.659402738172808034e-01
2.368387699127197266e+00 4.730333328247070312e+00 -2.210731267929077148e+00 1.510984067553770682e+00 4.152470769370212089e+00 -6.928541988963677900e-01
2.388134786642786000e+00 4.803442070315364631e+00 -2.222500834848319506e+00 1.601128785414996925e+00 4.220295479939147221e+00 -6.478387337226972909e-01
2.406817983403413130e+00 4.879466208499631641e+00 -2.235295281690056424e+00 1.686319340713949178e+00 4.223803671956555483e+00 -6.227585380448962260e-01
2.425033678505243540e+00 4.958213719942965447e+00 -2.248371450885770617e+00 1.747834422477788863e+00 4.189856910985496619e+00 -6.043227210446691089e-01
2.443378261044445665e+00 5.039492581788455716e+00 -2.260986184866945248e+00 1.766952719733679178e+00 4.145316762589026816e+00 -5.792403919037207860e-01
2.462448120117187500e+00 5.123110771179199219e+00 -2.272396326065063921e+00 1.724952921508784209e+00 4.117044792330207592e+00 -5.342206598037557708e-01
2.482738678011443767e+00 5.209050258910462361e+00 -2.282102270888174189e+00 1.611167513904300241e+00 4.127130626335969055e+00 -4.612276275429180727e-01
2.504341489782420105e+00 5.297988990386213182e+00 -2.290578631650582508e+00 1.447144171317561456e+00 4.178576132988737868e+00 -3.732453723851080207e-01
2.527247143677130214e+00 5.390778904662590243e+00 -2.298543574643158838e+00 1.262484365219936011e+00 4.269611241234811061e+00 -2.885129652106647735e-01
2.551446227942587353e+00 5.488271940795737436e+00 -2.306715266156774469e+00 1.086789567082792951e+00 4.398465880020490992e+00 -2.252694768999281838e-01
2.576929330825805220e+00 5.591320037841795987e+00 -2.315811872482299805e+00 9.496612483774984348e-01 4.563369978292075579e+00 -2.017539783332368830e-01
2.603659232924597777e+00 5.700282545593078787e+00 -2.326322533991563191e+00 8.744111390375569615e-01 4.760798569944938663e+00 -2.300157144233257733e-01
2.631487484239978247e+00 5.813548456786573837e+00 -2.337820287380223405e+00 8.591920028450142910e-01 4.980207108670752447e+00 -2.973446262125095108e-01
2.660237827123759669e+00 5.929014174895443468e+00 -2.349649143424896280e+00 8.958668620440517483e-01 5.209296153110261507e+00 -3.848408287754978563e-01
2.689734003927757744e+00 6.044576103392850008e+00 -2.361153112902198092e+00 9.762987388788506582e-01 5.435766261904213970e+00 -4.736044371870006819e-01
2.719799757003784624e+00 6.158130645751954013e+00 -2.371676206588745117e+00 1.092350655593592235e+00 5.647317993693352633e+00 -5.447355665217277210e-01
2.750245825455570170e+00 6.268301881410097032e+00 -2.380740455236638464e+00 1.235016112721743831e+00 5.834401956747562679e+00 -5.843214016832973812e-01
2.780830935394509762e+00 6.376624593661343710e+00 -2.388579969499913247e+00 1.391810523953922463e+00 5.998468957853257955e+00 -5.983974068909638788e-01
2.811300809683910717e+00 6.485361241763939688e+00 -2.395606880008088524e+00 1.549379781270028289e+00 6.143719853425986699e+00 -5.979861161928893276e-01
2.841401171187081687e+00 6.596774284976127056e+00 -2.402233317390684686e+00 1.694369776649963244e+00 6.274355499881299814e+00 -5.941100636372361743e-01
2.870877742767333540e+00 6.713126182556153232e+00 -2.408871412277221680e+00 1.813426402073629040e+00 6.394576753634748201e+00 -5.977917832721669766e-01
2.899581552014594443e+00 6.836093123499202839e+00 -2.415917009579096053e+00 1.895226718944007072e+00 6.509614664601481415e+00 -6.175087484712415975e-01
2.927784845425269733e+00 6.965006215748230645e+00 -2.423700811335213867e+00 1.936572466356395461e+00 6.628821056695058722e+00 -6.515581899096093421e-01
2.955865174222385594e+00 7.098610296983130397e+00 -2.432537233866359117e+00 1.936296552829171569e+00 6.762577947328642480e+00 -6.956922775878178200e-01
2.984200089628967767e+00 7.235650204883796732e+00 -2.442740693493314907e+00 1.893231886880713644e+00 6.921267353915391496e+00 -7.456631815064136415e-01
3.013167142868041992e+00 7.374870777130126065e+00 -2.454625606536865234e+00 1.806211377029398824e+00 7.115271293868469016e+00 -7.972230716659440830e-01
3.043089505563810526e+00 7.515550523885084822e+00 -2.468394862617631969e+00 1.678693339643809512e+00 7.349624948302160732e+00 -8.466463200163940606e-01
3.074072830945182577e+00 7.659102645243927476e+00 -2.483805244555593816e+00 1.532637722493344290e+00 7.607976153135258102e+00 -8.922961063055020459e-01
3.106168392642245202e+00 7.807474013784984734e+00 -2.500502008470567361e+00 1.394629881197609222e+00 7.868625907987683910e+00 -9.330578122304444832e-01
3.139427464285083236e+00 7.962611502086581972e+00 -2.518130410482368298e+00 1.291255171376204824e+00 8.109875212479355611e+00 -9.678168194883980391e-01
3.173901319503784180e+00 8.126461982727052558e+00 -2.536335706710815430e+00 1.249098948648736940e+00 8.310025066230195989e+00 -9.954585097765396018e-01
3.209597586603577302e+00 8.300246242905037874e+00 -2.554898366839413182e+00 1.286662023912039654e+00 8.455522615975880285e+00 -1.017040242327619470e+00
3.246349312590265157e+00 8.482280728300473527e+00 -2.574139714806424006e+00 1.390107029171871122e+00 8.565399596915126423e+00 -1.042307286516686027e+00
3.283945899144792069e+00 8.670155799213603132e+00 -2.594516288113798641e+00 1.537512051711219074e+00 8.666833891362408337e+00 -1.083176889254361175e+00
3.322176747948106357e+00 8.861461815944677411e+00 -2.616484624263489156e+00 1.706955178813073459e+00 8.787003381632203514e+00 -1.151566297451268150e+00
3.360831260681152344e+00 9.053789138793945312e+00 -2.640501260757446733e+00 1.876514497760421563e+00 8.953085950038987662e+00 -1.259392758018028635e+00
3.399781695110502877e+00 9.245387295022105434e+00 -2.666954012782893901e+00 2.027312294464948650e+00 9.184258097358107165e+00 -1.413202062403488446e+00
3.439231733345247566e+00 9.437142479731672751e+00 -2.695955806268149679e+00 2.152647649353124581e+00 9.467690798208396430e+00 -1.598054180209387942e+00
3.479467913580098326e+00 9.630600054985606562e+00 -2.727550844826801768e+00 2.248863841480114534e+00 9.782553645669555209e+00 -1.793637625575687622e+00
3.520776774009771071e+00 9.827305382846866166e+00 -2.761783332072439201e+00 2.312304149901085459e+00 1.010801623282129036e+01 -1.979640912642355088e+00
3.563444852828979492e+00 1.002880382537841619e+01 -2.798697471618652788e+00 2.339311853671202535e+00 1.042324815274330696e+01 -2.135752555549350618e+00
3.607603418446350574e+00 1.023629683164520543e+01 -2.838275370084430538e+00 2.329909946051586189e+00 1.071394115478585007e+01 -2.248520908501433713e+00
3.652762660126156469e+00 1.044961019872010155e+01 -2.880250746110359028e+00 2.298840277127173870e+00 1.099187561338131403e+01 -2.331933685962539027e+00
3.698277497346580844e+00 1.066822581067795994e+01 -2.924295221342424256e+00 2.264524411188856501e+00 1.127535405923264022e+01 -2.406838442461399108e+00
3.743502849585808701e+00 1.089162555159364132e+01 -2.970080417426613550e+00 2.245383912527525450e+00 1.158267902304277541e+01 -2.494082732526744284e+00
3.787793636322021040e+00 1.111929130554199219e+01 -3.017277956008911133e+00 2.259840345434072084e+00 1.193215303551464679e+01 -2.614514110687305326e+00
3.830842554916960019e+00 1.135140372617539128e+01 -3.066037524457509988e+00 2.321396527449491654e+00 1.233661356677146159e+01 -2.785582182779469562e+00
3.873693414266579982e+00 1.159093854545628055e+01 -3.118421073029428836e+00 2.423880289115193598e+00 1.278703784461745663e+01 -3.011144759870243881e+00
3.917727801150397759e+00 1.184157026492461995e+01 -3.176968617703891606e+00 2.556200714222692572e+00 1.326893803627713808e+01 -3.291661704334290839e+00
3.964327302347924409e+00 1.210697338612037122e+01 -3.244220174460121786e+00 2.707266886563501895e+00 1.376782630897500148e+01 -3.627592878546273436e+00
4.014873504638672763e+00 1.239082241058349609e+01 -3.322715759277343750e+00 2.865987889929133559e+00 1.426921482993554946e+01 -4.019398144880854673e+00
4.070339304390693691e+00 1.269533617319912366e+01 -3.414332483821977515e+00 3.022291078296693190e+00 1.476054694898202868e+01 -4.466964792063008893e+00
4.130062836326199083e+00 1.301691084223309502e+01 -3.518295842509230109e+00 3.170176886385661419e+00 1.523699074633273121e+01 -4.967889814219004663e+00
4.192973544755930426e+00 1.335048691929640619e+01 -3.633168425441497540e+00 3.304664019101102301e+00 1.569564548480466470e+01 -5.519197631825408124e+00
4.258000873990637203e+00 1.369100490600006559e+01 -3.757512822721182033e+00 3.420771181348085221e+00 1.613361042721485816e+01 -6.117912665358793411e+00
4.324074268341064453e+00 1.403340530395507990e+01 -3.889891624450683594e+00 3.513517078031679119e+00 1.654798483638034767e+01 -6.761059335295736439e+00
4.390617694256102155e+00 1.437405061514674998e+01 -4.029789919404964671e+00 3.582318544653152692e+00 1.693848856782896917e+01 -7.451907729733504127e+00
4.459033206737219146e+00 1.471499134305762269e+01 -4.180382791049251701e+00 3.644184939098591869e+00 1.731532384793189649e+01 -8.218710607252150524e+00
4.531217382924023873e+00 1.505969999154453376e+01 -4.345767821521327789e+00 3.720523749850280559e+00 1.769131349577109447e+01 -9.095966394052423354e+00
4.609066799956129223e+00 1.541164906446432070e+01 -4.530042592958981373e+00 3.832742465390503117e+00 1.807928033042854565e+01 -1.011817351633506412e+01
4.694478034973145419e+00 1.577431106567382812e+01 -4.737304687500000000e+00 4.002248574201546560e+00 1.849204717098623973e+01 -1.131983040030082854e+01
4.788619117803643910e+00 1.614965884546190722e+01 -4.971280093502003616e+00 4.242073859573140204e+00 1.892634365237413974e+01 -1.272435965628067045e+01
4.889743889032054369e+00 1.653366663984548524e+01 -5.234208424201964860e+00 4.531747284024803868e+00 1.931452667291421577e+01 -1.431088063112644626e+01
4.995377641931762369e+00 1.692080903127350311e+01 -5.527957699056685215e+00 4.842422104883500111e+00 1.957285994677640772e+01 -1.604743685582020518e+01
5.103045669776154369e+00 1.730556060219488757e+01 -5.854395937522965276e+00 5.145251579476188830e+00 1.961760718813067328e+01 -1.790207186134399464e+01
5.210273265838623047e+00 1.768239593505859375e+01 -6.215391159057617188e+00 5.411388965129842354e+00 1.936503211114696654e+01 -1.984282917867990648e+01
5.315388199183861850e+00 1.804623699189722430e+01 -6.612869918989361828e+00 5.617243737895987188e+00 1.875290934612890936e+01 -2.182718298460016726e+01
5.419928142041794850e+00 1.839379525307802155e+01 -7.048992916134593223e+00 5.760250248724410937e+00 1.780505718791479453e+01 -2.377033003903769171e+01
5.526233242433650439e+00 1.872222957855191083e+01 -7.525979385181630121e+00 5.843099067289474036e+00 1.656680484747658966e+01 -2.557689774771557012e+01
5.636643648380660565e+00 1.902869882826981041e+01 -8.046048560818785944e+00 5.868480763265532474e+00 1.508348153578625883e+01 -2.715151351635691412e+01
5.753499507904053623e+00 1.931036186218262074e+01 -8.611419677734375000e+00 5.839085906326939579e+00 1.340041646381575902e+01 -2.839880475068480337e+01
5.878061171093232673e+00 1.956475378265234255e+01 -9.221123828868190486e+00 5.758581520854274771e+00 1.157271578686343183e+01 -2.924807111648119928e+01
6.007269796310289678e+00 1.979091466168521052e+01 -9.861439540165912732e+00 5.634540450052988980e+00 9.694593437533086444e+00 -2.972730131976347323e+01
6.136986743985493042e+00 1.998826081369855601e+01 -1.051545719582470895e+01 5.475511991834757453e+00 7.870040292754901579e+00 -2.988915632660787836e+01
6.263073374549106731e+00 2.015620855310969617e+01 -1.116626718004173746e+01 5.290045444111252770e+00 6.203047229459057732e+00 -2.978629710309064293e+01
6.381391048431395596e+00 2.029417419433593750e+01 -1.179695987701416016e+01 5.086690104794146627e+00 4.797605124575733626e+00 -2.947138461528801301e+01
6.488803044787933239e+00 2.040233305205398295e+01 -1.239423253622879528e+01 4.871657754480978930e+00 3.726374027851079962e+00 -2.899073832512679871e+01
6.586180317675538909e+00 2.048389644197802539e+01 -1.295920986833114696e+01 4.641810104512734014e+00 2.936690680295046096e+00 -2.836531167793615538e+01
6.675395739876328172e+00 2.054283468008161506e+01 -1.349662344925634905e+01 4.391671348916262652e+00 2.344560995733576014e+00 -2.760971661489577755e+01
6.758322184172423697e+00 2.058311808233830931e+01 -1.401120485493955670e+01 4.115765681718417390e+00 1.865990887992602154e+00 -2.673856507718538111e+01
6.836832523345946377e+00 2.060871696472167969e+01 -1.450768566131591797e+01 3.808617296946048114e+00 1.416986270898055400e+00 -2.576646900598468903e+01
6.912484221929093842e+00 2.062318938449793393e+01 -1.498973178518877170e+01 3.470500237439469338e+00 9.332875295125366844e-01 -2.471361501968323537e+01
6.985573111454345785e+00 2.062844436410387061e+01 -1.545674650683419848e+01 3.124687941292842108e+00 4.295729338453231905e-01 -2.362248844550980564e+01
7.056079615204260413e+00 2.062597866726894580e+01 -1.590706744739646794e+01 2.800203695413788108e+00 -5.974477485763886320e-02 -2.254114928790301420e+01
7.123984156461395045e+00 2.061728905772262266e+01 -1.633903222801986033e+01 2.526070786709932126e+00 -5.002528553504034248e-01 -2.151765755130146829e+01
7.189267158508300781e+00 2.060387229919433594e+01 -1.675097846984863281e+01 2.331312502088895400e+00 -8.575385663870240815e-01 -2.060007324014376806e+01
7.252047806295737864e+00 2.058687533707830752e+01 -1.714222994856543281e+01 2.236484763708067813e+00 -1.108748036930184755e+00 -1.982041139685777154e+01
7.313000331447261360e+00 2.056604584342778352e+01 -1.751605505800637275e+01 2.228274034723897401e+00 -1.277262876777089939e+00 -1.914650721582830073e+01
7.372937727254626594e+00 2.054078167196076521e+01 -1.787670834654595353e+01 2.284899413542597291e+00 -1.398023565933574242e+00 -1.853015092942941422e+01
7.432672987009588894e+00 2.051048067639523964e+01 -1.822844436255864409e+01 2.384579998570380610e+00 -1.505970584405472046e+00 -1.792313277003516347e+01
7.493019104003906250e+00 2.047454071044921875e+01 -1.857551765441894176e+01 2.505534888213460931e+00 -1.636044412198617959e+00 -1.727724297001962483e+01
7.554452017182391010e+00 2.043273079123668623e+01 -1.892075576918231761e+01 2.627110480981647456e+00 -1.812320354916665321e+00 -1.655911825947563543e+01
7.616099448102069402e+00 2.038630458945550217e+01 -1.926127824862808779e+01 2.733162375799121691e+00 -2.015413020554535528e+00 -1.579478135937111816e+01
7.676752063973037110e+00 2.033688693919954105e+01 -1.959277763321659904e+01 2.808673471693664769e+00 -2.215071842704972482e+00 -1.502510148839280646e+01
7.735200532005379159e+00 2.028610267456264538e+01 -1.991094646340816254e+01 2.838626667693053385e+00 -2.381046254960715647e+00 -1.429094786522739824e+01
7.790235519409178799e+00 2.023557662963867188e+01 -2.021147727966308594e+01 2.808004862825065118e+00 -2.483085690914505594e+00 -1.363318970856160384e+01
7.840919797887297982e+00 2.018654195207652435e+01 -2.049134432577952580e+01 2.707278896673792179e+00 -2.501241003000970853e+00 -1.308121996427708034e+01
7.887404557113691261e+00 2.013866504374531630e+01 -2.075264865890703092e+01 2.548871371048560874e+00 -2.456768719022279335e+00 -1.261852648703517410e+01
7.930113091255074131e+00 2.009122062006920473e+01 -2.099877303953294927e+01 2.350692828315010807e+00 -2.381226785622482023e+00 -1.221712085869218534e+01
7.969468694478170967e+00 2.004348339647234312e+01 -2.123310022814464304e+01 2.130653810838782913e+00 -2.306173149445632564e+00 -1.184901466110440715e+01
8.005894660949707031e+00 1.999472808837890625e+01 -2.145901298522949219e+01 1.906664860985518128e+00 -2.263165757135785050e+00 -1.148621947612814687e+01
8.039824136422215162e+00 1.994435857208807406e+01 -2.167927163656185030e+01 1.694848090479016856e+00 -2.275036118737071789e+00 -1.110857764499030509e+01
8.071729672991498461e+00 1.989229536739916426e+01 -2.189414676906407564e+01 1.504171888475728025e+00 -2.329709997893945950e+00 -1.072725454640026754e+01
8.102093674339176488e+00 1.983858815498653527e+01 -2.210328653494553919e+01 1.341816213490261811e+00 -2.406386721650940697e+00 -1.036124631843803101e+01
8.131398544146870577e+00 1.978328661552453482e+01 -2.230633908641559771e+01 1.214961024037228388e+00 -2.484265617052590525e+00 -1.002954909918359228e+01
8.160126686096191406e+00 1.972644042968750000e+01 -2.250295257568359730e+01 1.130786278631236597e+00 -2.542546011143425932e+00 -9.751159026716946343e+00
8.188681842153821222e+00 1.966825982829676889e+01 -2.269289945023870203e+01 1.093424721168343883e+00 -2.565694700077280732e+00 -9.537636321352382041e+00
8.217153107426661052e+00 1.960959724276153437e+01 -2.287644933868919850e+01 1.094820237070390556e+00 -2.559248356445179340e+00 -9.370797532341327951e+00
8.245550915306672835e+00 1.955146565463797614e+01 -2.305399616492318415e+01 1.123869497140663309e+00 -2.534011121947446377e+00 -9.225023291169502926e+00
8.273885699185816733e+00 1.949487804548226677e+01 -2.322593385282873868e+01 1.169469172182448613e+00 -2.500787138284405575e+00 -9.074694229322624039e+00
8.302167892456054688e+00 1.944084739685058238e+01 -2.339265632629394531e+01 1.220515932999033160e+00 -2.470380547156381557e+00 -8.894190978286406590e+00
8.330437722257427069e+00 1.938997778611157585e+01 -2.355470516270309389e+01 1.267310790874792703e+00 -2.450795916029770094e+00 -8.664859698330738880e+00
8.358854590722270217e+00 1.934123767388379633e+01 -2.371321255342522960e+01 1.305772119018456134e+00 -2.438839515435251570e+00 -8.395908664862149706e+00
8.387607693731013114e+00 1.929318661659828393e+01 -2.386945834332561134e+01 1.333222631119841850e+00 -2.428518041669581518e+00 -8.103511682071340871e+00
8.416886227164068757e+00 1.924438417068604323e+01 -2.402472237726947313e+01 1.346985040868766470e+00 -2.413838191029511471e+00 -7.803842554149008848e+00
8.446879386901855469e+00 1.919338989257812145e+01 -2.418028450012206676e+01 1.344382061955048613e+00 -2.388806659811795630e+00 -7.513075085285851884e+00
8.477640366045481102e+00 1.913927089127059133e+01 -2.433686983425166872e+01 1.324694542151056531e+00 -2.350328705884608738e+00 -7.244642021579222657e+00
8.508678346578781415e+00 1.908312448601966338e+01 -2.449298461203858324e+01 1.295035865559355903e+00 -2.306903833401799719e+00 -7.001011876753061358e+00
8.539366507706287024e+00 1.902655554864663756e+01 -2.464658034336617831e+01 1.264477550365064928e+00 -2.269930108088645593e+00 -6.781912106437974153e+00
8.569078028632523214e+00 1.897116895097277478e+01 -2.479560853811778998e+01 1.242091114753300474e+00 -2.250805595670417159e+00 -6.587070166264555660e+00
8.597186088562011719e+00 1.891856956481933594e+01 -2.493802070617675781e+01 1.236948076909178296e+00 -2.260928361872386994e+00 -6.416213511863397834e+00
8.623277020530863979e+00 1.886988327466055893e+01 -2.507239577677948716e+01 1.254849249901884845e+00 -2.306027525955095303e+00 -6.268395521022586792e+00
8.647789772901559147e+00 1.882432001558245105e+01 -2.519982235657469971e+01 1.288512626336884459e+00 -2.369156421320161243e+00 -6.139973260160108026e+00
8.671376447868146542e+00 1.878061073532395753e+01 -2.532201647156414381e+01 1.327385493703707953e+00 -2.427699434904466713e+00 -6.026629717851436752e+00
8.694689147624682590e+00 1.873748638162404845e+01 -2.544069414774958560e+01 1.360915139491887693e+00 -2.459040953644896721e+00 -5.924047882672044629e+00
8.718379974365232599e+00 1.869367790222167613e+01 -2.555757141113280895e+01 1.378548851190956270e+00 -2.440565364478335830e+00 -5.827910743197406873e+00
8.742976596081538432e+00 1.864823418757740825e+01 -2.567397375540769744e+01 1.373598396263007393e+00 -2.357534636225953051e+00 -5.735141845898280799e+00
8.768508943956089041e+00 1.860147589903823118e+01 -2.578966454503662220e+01 1.354833462060386129e+00 -2.226721065246060949e+00 -5.647626968826587657e+00
8.794882514969071252e+00 1.855404164067275374e+01 -2.590401661217411089e+01 1.334888215907999554e+00 -2.072774529781257868e+00 -5.568492447929535238e+00
8.822002806100666561e+00 1.850657001654958123e+01 -2.601640278897466274e+01 1.326396825130755186e+00 -1.920344908074141044e+00 -5.500864619154330448e+00
8.849775314331054688e+00 1.845969963073730469e+01 -2.612619590759277344e+01 1.341993457053558991e+00 -1.794082078367308153e+00 -5.447869818448179302e+00
8.877977689808510320e+00 1.841378254460988728e+01 -2.623311471916785464e+01 1.388407737196221126e+00 -1.714521003519767550e+00 -5.411858906728946650e+00
8.905876195353675584e+00 1.836802464876267393e+01 -2.633826165077880432e+01 1.448751123858154966e+00 -1.685736984856165188e+00 -5.392080844797109584e+00
8.932609246955276916e+00 1.832134529109635324e+01 -2.644308504848942576e+01 1.500230533533676747e+00 -1.707690408317557695e+00 -5.387009118423800480e+00
8.957315260602046081e+00 1.827266381951162444e+01 -2.654903325836350803e+01 1.520052882717102039e+00 -1.780341659845001034e+00 -5.395117213380151711e+00
8.979132652282713067e+00 1.822089958190917613e+01 -2.665755462646484375e+01 1.485425087902747077e+00 -1.903651125379551390e+00 -5.414878615437294762e+00
8.997584705841646269e+00 1.816542054609242030e+01 -2.676950869787695098e+01 1.382959370236057417e+00 -2.072754420228017924e+00 -5.442444141675547797e+00
9.013734176545717958e+00 1.810738915947553096e+01 -2.688339981376222099e+01 1.236889169466995897e+00 -2.263488077160215273e+00 -5.464673934411952594e+00
9.029028687517445917e+00 1.804841648937543397e+01 -2.699714351430277404e+01 1.080853229996656006e+00 -2.446863858311714157e+00 -5.466105467272742935e+00
9.044915861879337271e+00 1.799011360310900542e+01 -2.710865533968069840e+01 9.484902962261301251e-01 -2.593893525818080192e+00 -5.431276213884145498e+00
9.062843322753906250e+00 1.793409156799316406e+01 -2.721585083007812500e+01 8.734391125565116321e-01 -2.675588841814883434e+00 -5.344723647872390515e+00
9.083804756050982476e+00 1.788145658144525640e+01 -2.731727567548157154e+01 8.780983242683154666e-01 -2.673410846222512571e+00 -5.199184109829264600e+00
9.106978098829660695e+00 1.783129536128441117e+01 -2.741399616509514914e+01 9.399061801597436983e-01 -2.610617690100632604e+00 -5.020189408208778126e+00
9.131087350936367031e+00 1.778218975543024527e+01 -2.750770873792743743e+01 1.025060829908421622e+00 -2.520916802293735159e+00 -4.841470218430508510e+00
9.154856512217518727e+00 1.773272161180235429e+01 -2.760010983298694853e+01 1.099760423191973757e+00 -2.438015611646305647e+00 -4.696757215914018957e+00
9.177009582519531250e+00 1.768147277832031250e+01 -2.769289588928222656e+01 1.130203109688023844e+00 -2.395621547002829921e+00 -4.619781076078881554e+00
9.196639202083334297e+00 1.762736747749181276e+01 -2.778728903659814264e+01 1.092454518955552123e+00 -2.418759517667501857e+00 -4.631981192533621616e+00
9.214312572727916262e+00 1.757069943017685176e+01 -2.788261416782492219e+01 1.002050200078959952e+00 -2.497724354783325662e+00 -4.705631831642576479e+00
9.230965536666765558e+00 1.751210473182350214e+01 -2.797772186662908567e+01 8.843931820239963049e-01 -2.614128369953016229e+00 -4.800715977959040259e+00
9.247533936113375930e+00 1.745221947787984007e+01 -2.807146271667717485e+01 7.648864937564161526e-01 -2.749583874779282677e+00 -4.877216616036304409e+00
9.264953613281250000e+00 1.739167976379394531e+01 -2.816268730163574219e+01 6.689331642419734658e-01 -2.885703180864838124e+00 -4.895116730427663931e+00
9.283855934394967591e+00 1.733084320768416831e+01 -2.825063369936606250e+01 6.151458985580565697e-01 -3.007635051677546301e+00 -4.825921373536039560e+00
9.303654361723513233e+00 1.726895351834997072e+01 -2.833608996450846007e+01 5.949761062285914281e-01 -3.114674058145893820e+00 -4.687223869162887802e+00
9.323457881546955761e+00 1.720497592726109559e+01 -2.842023164589800288e+01 5.930848728891393584e-01 -3.209651223063522352e+00 -4.508139608959291778e+00
9.342375480145371114e+00 1.713787566588727529e+01 -2.850423429236976602e+01 5.941332841752611227e-01 -3.295397569224072232e+00 -4.317783984576336387e+00
9.359516143798828125e+00 1.706661796569824219e+01 -2.858927345275878906e+01 5.827824257225172611e-01 -3.374744119421183353e+00 -4.145272387665107416e+00
9.374274485568722781e+00 1.699063801818752850e+01 -2.867606305253427124e+01 5.477132370570317876e-01 -3.449483462404878686e+00 -4.012958908689043369e+00
9.387187625641704614e+00 1.691125085494376634e+01 -2.876347052370177337e+01 4.936860732671780605e-01 -3.517254450750694872e+00 -3.916152433360988727e+00
9.399078310985744977e+00 1.683024146757939477e+01 -2.884990167490096979e+01 4.294811433318924121e-01 -3.574657502990552516e+00 -3.843400546206142909e+00
9.410769288568815227e+00 1.674939484770681730e+01 -2.893376231477153127e+01 3.638786562301110639e-01 -3.618293037656368227e+00 -3.783250831749704002e+00
9.423083305358886719e+00 1.667049598693847301e+01 -2.901345825195312500e+01 3.056588209407704038e-01 -3.644761473280061281e+00 -3.724250874516870091e+00
9.436626666848216161e+00 1.659488049166044732e+01 -2.908784384208377105e+01 2.637214746863270065e-01 -3.652506445997179885e+00 -3.657399669497138461e+00
9.451139912626182138e+00 1.652208642735346800e+01 -2.915756762879480135e+01 2.474449676633187489e-01 -3.647344462357784423e+00 -3.583501853537196080e+00
9.466147140806461024e+00 1.645120247427193405e+01 -2.922372670271591133e+01 2.663272783118040277e-01 -3.636935246515567322e+00 -3.505813473948030001e+00
9.481172449502713206e+00 1.638131731267022317e+01 -2.928741815447676089e+01 3.298663850718409618e-01 -3.628938522624216123e+00 -3.427590578040623281e+00
9.495739936828613281e+00 1.631151962280273438e+01 -2.934973907470703125e+01 4.475602663834877815e-01 -3.631014014837422810e+00 -3.352089213125962974e+00
9.509502958061373690e+00 1.624110360312233325e+01 -2.941155309524394212e+01 6.207250753865878323e-01 -3.646875309107276752e+00 -3.280914386039516017e+00
9.522631897132379564e+00 1.617018552487574112e+01 -2.947279001275474997e+01 8.179496640201221469e-01 -3.664451438579454656e+00 -3.209066941714662669e+00
9.535426395136568090e+00 1.609908717750817786e+01 -2.953314616511431367e+01 9.996410589228581500e-01 -3.667725298198037276e+00 -3.129896684609268842e+00
9.548186093168871125e+00 1.602813035046483847e+01 -2.959231789019743175e+01 1.126206286733562045e+00 -3.640679782907100925e+00 -3.036753419181196900e+00
9.561210632324218750e+00 1.595763683319091797e+01 -2.965000152587890625e+01 1.158052374090999592e+00 -3.567297787650720586e+00 -2.922986949888307873e+00
9.574679288076701766e+00 1.588774726351379663e+01 -2.970597296700396583e+01 1.070206439102834528e+00 -3.439334483663336162e+00 -2.785264269180669050e+00
9.588289873417052078e+00 1.581787767278954426e+01 -2.976032633629944613e+01 8.961759657523222788e-01 -3.279634147340829919e+00 -2.633521121477163884e+00
9.601619835715137441e+00 1.574726294075638400e+01 -2.981323531346256672e+01 6.840885294916011494e-01 -3.118813331369431729e+00 -2.481010439188864325e+00
9.614246622340846926e+00 1.567513794715256026e+01 -2.986487357819056143e+01 4.820717057728213240e-01 -2.987488588435383008e+00 -2.340985154726856088e+00
9.625747680664060724e+00 1.560073757171630859e+01 -2.991541481018066406e+01 3.382530700481304886e-01 -2.916276471224923394e+00 -2.226698200502220892e+00
9.635879331160129624e+00 1.552363235655538354e+01 -2.996492873974312232e+01 2.878894630645270625e-01 -2.925852125615691524e+00 -2.147288564595487781e+00
9.645113386726272608e+00 1.544473549325563688e+01 -3.001306929964023240e+01 3.147547867484148942e-01 -2.997125070250930889e+00 -2.095439457764978197e+00
9.654100533365182812e+00 1.536529583577243230e+01 -3.005938647324732926e+01 3.897522083210492316e-01 -3.101063416965286201e+00 -2.059720146438460908e+00
9.663491457079549818e+00 1.528656223806114767e+01 -3.010343024393973721e+01 4.837848950036851559e-01 -3.208635277593402169e+00 -2.028699897043706457e+00
9.673936843872070312e+00 1.520978355407714844e+01 -3.014475059509277344e+01 5.677560140175779146e-01 -3.290808763969923501e+00 -1.990947976008483167e+00
9.685832516311096541e+00 1.513592728975684665e+01 -3.018307289250500247e+01 6.181932299818652110e-01 -3.325262884925713536e+00 -1.938013172241048299e+00
9.698554843227663369e+00 1.506483555896086202e+01 -3.021882403166794617e+01 6.341221971072114050e-01 -3.316520237276515459e+00 -1.873362364571619310e+00
9.711225330018468327e+00 1.499606912753082710e+01 -3.025260629049635597e+01 6.201930670021655878e-01 -3.275814314834287089e+00 -1.803441954310891937e+00
9.722965482080203614e+00 1.492918876130840999e+01 -3.028502194690498683e+01 5.810559912752774059e-01 -3.214378611410994235e+00 -1.734698342769574575e+00
9.732896804809570312e+00 1.486375522613525391e+01 -3.031667327880859730e+01 5.213611215350942851e-01 -3.143446620818595161e+00 -1.673577931258365403e+00
9.740439269977319015e+00 1.479931740470529711e+01 -3.034800265166265731e+01 4.477265191572594727e-01 -3.074078234967743573e+00 -1.623521485197476633e+00
9.746206714850377040e+00 1.473537664712162254e+01 -3.037881278108545047e+01 3.746418845858199842e-01 -3.016638938163880734e+00 -1.575947226445173488e+00
9.751111443069744311e+00 1.467142242033959221e+01 -3.040874647023601440e+01 3.185648280319101078e-01 -2.981320612811136694e+00 -1.519267740969227454e+00
9.756065758276399436e+00 1.460694419131458410e+01 -3.043744652227334058e+01 2.959529597066741236e-01 -2.978315141313645054e+00 -1.441895614737416897e+00
9.761981964111329901e+00 1.454143142700195312e+01 -3.046455574035644531e+01 3.232638898212502609e-01 -3.017814406075538525e+00 -1.332243433717508863e+00
9.769519931367529608e+00 1.447453594817245204e+01 -3.048971957091275797e+01 4.073362399001125289e-01 -3.104867720606812931e+00 -1.183196684466882420e+00
9.778329799446021653e+00 1.440655899085832381e+01 -3.051259403344338139e+01 5.165326767210891568e-01 -3.223954122840937853e+00 -1.005532455901270161e+00
9.787809274899830214e+00 1.433796414490718618e+01 -3.053283779071781012e+01 6.095968783753288323e-01 -3.354410081817231770e+00 -8.145007375260278071e-01
9.797356064281983024e+00 1.426921500016666400e+01 -3.055010950550557425e+01 6.452725229539966190e-01 -3.475572066575036256e+00 -6.253515188464796593e-01
9.806367874145507812e+00 1.420077514648437500e+01 -3.056406784057617188e+01 5.823032885482476440e-01 -3.566776546153668015e+00 -4.533347893679825491e-01
9.814364663915357667e+00 1.413306014965079704e+01 -3.057448211705447250e+01 3.963810279975980011e-01 -3.611252655137966450e+00 -3.090959664476707336e-01
9.821355404504204856e+00 1.406629347922780404e+01 -3.058156428948672456e+01 1.309902931350392929e-01 -3.607800190294762732e+00 -1.848621788499422713e-01
9.827471319696654106e+00 1.400065058072013890e+01 -3.058563697077455856e+01 -1.534361894581097174e-01 -3.559111613936396523e+00 -6.825598319098019617e-02
9.832843633277306594e+00 1.393630689963253744e+01 -3.058702277381959433e+01 -3.964656932004856915e-01 -3.467879388375211036e+00 5.310006391301064915e-02
9.837603569030761719e+00 1.387343788146972656e+01 -3.058604431152343395e+01 -5.376654915107680344e-01 -3.336795975923534829e+00 1.915834058458470990e-01
9.841901257636571643e+00 1.381222304123706834e+01 -3.058284883281761779e+01 -5.343541536188188834e-01 -3.170779996883972274e+00 3.565269803910333102e-01
9.845962457354053399e+00 1.375285817194237659e+01 -3.057688213075328321e+01 -4.148554319993663642e-01 -2.983654703520107532e+00 5.450857029309441604e-01
9.850031833337480336e+00 1.369554313609409313e+01 -3.056741463441148454e+01 -2.252443749383624128e-01 -2.791469506085809460e+00 7.513699832476338214e-01
9.854354050741118698e+00 1.364047779620065626e+01 -3.055371677287328325e+01 -1.159603072173394193e-02 -2.610273814834914941e+00 9.694902311231917702e-01
9.859173774719238281e+00 1.358786201477050781e+01 -3.053505897521972656e+01 1.800145523645589329e-01 -2.456117040021290165e+00 1.193556856339669459e+00
9.864620576534459673e+00 1.353782965256402449e+01 -3.051083805155299444e+01 3.144161203242544778e-01 -2.339120902386553791e+00 1.420408447989516043e+00
9.870363651882804845e+00 1.349025056334936501e+01 -3.048095633605971955e+01 4.000525963197193446e-01 -2.245696364623461339e+00 1.657796312406572881e+00
9.875957102568658996e+00 1.344492859914664251e+01 -3.044544254394766014e+01 4.562716978030044723e-01 -2.156326699912529676e+00 1.916199935235081364e+00
9.880955030396400218e+00 1.340166761197596124e+01 -3.040432539042458515e+01 5.024211422261469773e-01 -2.051495181434292547e+00 2.206098802119238034e+00
9.884911537170410156e+00 1.336027145385742188e+01 -3.035763359069824219e+01 5.578486470411940790e-01 -1.911685082369265043e+00 2.537972398703288501e+00
9.887447178107926504e+00 1.332115352367774186e+01 -3.030487790994503428e+01 6.335793042160846600e-01 -1.716699301035928160e+00 2.920967330537507678e+00
9.888448322077621810e+00 1.328716540779004518e+01 -3.024349731321587598e+01 7.073477037823689972e-01 -1.443619236304518161e+00 3.358898682796545465e+00
9.887867791361030001e+00 1.326176823941406013e+01 -3.017041281553030529e+01 7.485658102874975794e-01 -1.068845912183200797e+00 3.854248660561147233e+00
9.885658408239685002e+00 1.324842315176952567e+01 -3.008254543190788866e+01 7.266455882789153442e-01 -5.687803526801934462e-01 4.409499468911990405e+00
9.881772994995117188e+00 1.325059127807617010e+01 -2.997681617736816406e+01 6.109990023040672291e-01 8.017641819636558975e-02 5.027133312929845665e+00
9.876509114659329569e+00 1.327178725553262950e+01 -2.985173900800770497e+01 3.877104881894535282e-01 9.011072336805646676e-01 5.692550458958520743e+00
9.871543293266183738e+00 1.331573973725315518e+01 -2.971219964423110227e+01 1.095543668777174129e-01 1.915030355975941401e+00 6.322823418394498241e+00
9.868896797600013926e+00 1.338623088033089736e+01 -2.956467674751998942e+01 -1.540225694094141673e-01 3.142447904528199665e+00 6.817942763897287151e+00
9.870590894445154362e+00 1.348704284185901869e+01 -2.941564897935597855e+01 -3.335735284502583387e-01 4.603861998783243870e+00 7.077899068126495052e+00
9.878646850585937500e+00 1.362195777893066406e+01 -2.927159500122070312e+01 -3.596517180230965338e-01 6.319774758186737174e+00 7.002682903741666465e+00
9.894614851108766373e+00 1.379328860256820555e+01 -2.913856773038745374e+01 -1.840353663172444310e-01 8.274600839854315382e+00 6.523184447207133196e+00
9.918160754308329885e+00 1.399747123951080674e+01 -2.902091710729624907e+01 1.565972168338950754e-01 1.030840505158006160e+01 5.693892290206379769e+00
9.948479336781392846e+00 1.422947237042689217e+01 -2.892256732817880049e+01 6.043427011859442421e-01 1.222516473882809862e+01 4.600194628227562532e+00
9.984765375124714737e+00 1.448425867598482952e+01 -2.884744258926681582e+01 1.101297756494459046e+00 1.382885724706220643e+01 3.327479656758996818e+00
1.002621364593505859e+01 1.475679683685302734e+01 -2.879946708679199219e+01 1.589559052515075122e+00 1.492345992174646163e+01 1.961135571288792123e+00
1.007195654499252591e+01 1.504170828231467816e+01 -2.878133024988585831e+01 2.020370017170165511e+00 1.536790795174131041e+01 5.812701092494207966e-01
1.012087694481056133e+01 1.533223343611228984e+01 -2.879078243927922287e+01 2.381561111049463442e+00 1.524096789949367725e+01 -7.531308241503746892e-01
1.017179533708594263e+01 1.562126747060312937e+01 -2.882433924860269769e+01 2.670109552909453843e+00 1.467636417084704270e+01 -1.988361781757483904e+00
1.022353221351546537e+01 1.590170555814452769e+01 -2.887851627148692302e+01 2.882992561506679596e+00 1.380782117164484646e+01 -3.070717316419022680e+00
1.027490806579589844e+01 1.616644287109374645e+01 -2.894982910156250000e+01 3.017187355597638287e+00 1.276906330773063303e+01 -3.946491980981903236e+00
1.032491145457787241e+01 1.640978737919601116e+01 -2.903498179924391920e+01 3.071245857226768461e+00 1.167693080363639879e+01 -4.580799193052188301e+00
1.037320321632735975e+01 1.663169824174803679e+01 -2.913143229208100493e+01 3.050018801590127282e+00 1.058072715864875768e+01 -5.014027829271713976e+00
1.041961225646418221e+01 1.683354741543449506e+01 -2.923682697440747091e+01 2.959931627171685786e+00 9.512871690742745301e+00 -5.305385631041393601e+00
1.046396748040815616e+01 1.701670685694000085e+01 -2.934881224055699533e+01 2.807409772455425223e+00 8.505783717893583784e+00 -5.514080339762069016e+00
1.050609779357909979e+01 1.718254852294921520e+01 -2.946503448486328125e+01 2.598878675925302861e+00 7.591882558076314069e+00 -5.699319696834635351e+00
1.054599990110028429e+01 1.733233130307413816e+01 -2.958369674625371459e+01 2.345969635238423390e+00 6.793956340907079117e+00 -5.906677672622011599e+00
1.058434170690880549e+01 1.746686181863627141e+01 -2.970522864203054425e+01 2.081137384744319530e+00 6.096268442565637713e+00 -6.127193153335404041e+00
1.062195891464520869e+01 1.758683362388447691e+01 -2.983061643408968777e+01 1.842042517965633230e+00 5.473451050872696122e+00 -6.338271254148088119e+00
1.065968722795004808e+01 1.769294027306762018e+01 -2.996084638432708047e+01 1.666345628425040637e+00 4.900136353649046761e+00 -6.517317090233307297e+00
1.069836235046386719e+01 1.778587532043457031e+01 -3.009690475463866832e+01 1.591707309645183255e+00 4.350956538715367472e+00 -6.641735776764342347e+00
1.073854025022508019e+01 1.786643054510409812e+01 -3.023919885184959355e+01 1.640931121415610594e+00 3.808025662126976130e+00 -6.696395084478851345e+00
1.077965795286358031e+01 1.793579062567462756e+01 -3.038582016250189000e+01 1.777392488593420694e+00 3.283385252877222271e+00 -6.696013406372132160e+00
1.082087274840711366e+01 1.799523846561449503e+01 -3.053428121806677709e+01 1.949609802302586070e+00 2.796558708194083920e+00 -6.662771791003882171e+00
1.086134192688344058e+01 1.804605696839203688e+01 -3.068209455001551689e+01 2.106101453667103218e+00 2.367069425305449393e+00 -6.618851286933799649e+00
1.090022277832031250e+01 1.808952903747558594e+01 -3.082677268981933949e+01 2.195385833810941101e+00 2.014440801439288276e+00 -6.586432942721584638e+00
1.093680970957165677e+01 1.812675442361396350e+01 -3.096649742459496935e+01 2.179688516837387180e+00 1.748224066080610983e+00 -6.581908075817131554e+00
1.097094559479605813e+01 1.815810026667790567e+01 -3.110212756404101597e+01 2.076063808766906771e+00 1.538081777742922762e+00 -6.598509079231130059e+00
1.100261042497828790e+01 1.818375055381866545e+01 -3.123519117350160101e+01 1.915273198599253046e+00 1.343704327196796111e+00 -6.623678614864473957e+00
1.103178419110310671e+01 1.820388927218747099e+01 -3.136721631832081769e+01 1.728078175334201161e+00 1.124782105212841277e+00 -6.644859344618049946e+00
1.105844688415527344e+01 1.821870040893554688e+01 -3.149973106384277344e+01 1.545240227971496072e+00 8.410055025616289814e-01 -6.649493930392744723e+00
1.108284507988430256e+01 1.822828956866760919e+01 -3.163384573626958485e+01 1.392698286010499942e+00 4.686958436611988743e-01 -6.630233283245954290e+00
1.110629169309868125e+01 1.823244882580222281e+01 -3.176899970523543359e+01 1.277101040948888544e+00 5.069818751921922190e-02 -6.600561310861064790e+00
1.113036622337163806e+01 1.823089187221142637e+01 -3.190421460123249631e+01 1.200274624783943755e+00 -3.535114732091514389e-01 -6.579170170077973445e+00
1.115664817027641220e+01 1.822333239976727626e+01 -3.203851205475297803e+01 1.164045169512933464e+00 -6.844571458688246679e-01 -6.584752017736572149e+00
1.118671703338623047e+01 1.820948410034179688e+01 -3.217091369628906250e+01 1.170238807133132664e+00 -8.826628378046492696e-01 -6.635999010676751908e+00
1.122147876361574781e+01 1.818929242561697990e+01 -3.230092967366165624e+01 1.217328310149069726e+00 -9.128799701889797058e-01 -6.742099450994249565e+00
1.125914511724525724e+01 1.816362986651457234e+01 -3.243002420400650720e+01 1.290373013094284316e+00 -8.367696195039863172e-01 -6.874226221808138249e+00
1.129725430189649060e+01 1.813360067376627782e+01 -3.256015002178813234e+01 1.371078891009580580e+00 -7.402202760592995201e-01 -6.994048351493352911e+00
1.133334452519115665e+01 1.810030909810378219e+01 -3.269325986147097041e+01 1.441151918935750009e+00 -7.091204301645591679e-01 -7.063234868424805413e+00
1.136495399475097656e+01 1.806485939025878906e+01 -3.283130645751953125e+01 1.482298071913596527e+00 -8.293585721293988966e-01 -7.043454800977423602e+00
1.139039694725671836e+01 1.802810664683322983e+01 -3.297535924462091828e+01 1.481142575203728606e+00 -1.155259011842160399e+00 -6.910165892975414614e+00
1.141109173562536228e+01 1.798990934790999674e+01 -3.312295445835277974e+01 1.443987654946017996e+00 -1.614889337506075329e+00 -6.693980750040107175e+00
1.142923274183292826e+01 1.794987681944222047e+01 -3.327074503451539300e+01 1.382054787500143878e+00 -2.104752956903115368e+00 -6.439300693242099527e+00
1.144701434785544869e+01 1.790761838738302458e+01 -3.341538390890903543e+01 1.306565449225795650e+00 -2.521353277815185479e+00 -6.190527043652026329e+00
1.146663093566894531e+01 1.786274337768554688e+01 -3.355352401733398438e+01 1.228741116482649831e+00 -2.761193708024261451e+00 -5.992061122340477830e+00
1.148971318673725506e+01 1.781499020030693359e+01 -3.368274382148748458e+01 1.159671406748694178e+00 -2.754585931597963278e+00 -5.877534194288142722e+00
1.151563698047545792e+01 1.776461360122043587e+01 -3.380432388665462895e+01 1.109918501975092786e+00 -2.567074737746701807e+00 -5.837497300115914278e+00
1.154321449578643666e+01 1.771199741040332043e+01 -3.392047030401748486e+01 1.089912725231317658e+00 -2.298013191966596480e+00 -5.851731424354759348e+00
1.157125791157308470e+01 1.765752545783286109e+01 -3.403338916475811970e+01 1.110084399586835024e+00 -2.046754359753733432e+00 -5.900017551535638560e+00
1.159857940673828125e+01 1.760158157348632812e+01 -3.414528656005859375e+01 1.180863848111110226e+00 -1.912651306604237877e+00 -5.962136666189509882e+00
1.162423318543293149e+01 1.754465594061090528e+01 -3.425790539862838813e+01 1.304246806745450460e+00 -1.967308146700867733e+00 -6.019775521664146645e+00
1.164824155279995566e+01 1.748766415553344800e+01 -3.437113585928653237e+01 1.448490662918479499e+00 -2.171333188973035178e+00 -6.062243946574530362e+00
1.167086883923030349e+01 1.743162816785073588e+01 -3.448440493837952658e+01 1.573418216930677627e+00 -2.457585791036839051e+00 -6.080757538352461467e+00
1.169237937511491410e+01 1.737756992715954496e+01 -3.459713963225381406e+01 1.638852269082502477e+00 -2.758925310508336892e+00 -6.066531894429731508e+00
1.171303749084472834e+01 1.732651138305664062e+01 -3.470876693725585938e+01 1.604615619674426563e+00 -3.008211105003632646e+00 -6.010782612238132039e+00
1.173301827136013742e+01 1.727886050929534889e+01 -3.481901275782713157e+01 1.447161370315678708e+00 -3.154826089151201440e+00 -5.910026452551351284e+00
1.175213981979933919e+01 1.723256937625514951e+01 -3.492879863078908897e+01 1.209463827850498108e+00 -3.214247405629202969e+00 -5.781984829510604662e+00
1.177013099384997297e+01 1.718497607847205444e+01 -3.503934500105817307e+01 9.511276004319147992e-01 -3.218475754128191646e+00 -5.649680320599012262e+00
1.178672065119969048e+01 1.713341871048209697e+01 -3.515187231355086794e+01 7.317572962129181846e-01 -3.199511834338732097e+00 -5.536135503299677296e+00
1.180163764953613281e+01 1.707523536682128906e+01 -3.526760101318359375e+01 6.109575233465358579e-01 -3.189356345951384064e+00 -5.464372955095718964e+00
1.181494571276910754e+01 1.700878707774969101e+01 -3.538731859447715777e+01 6.301740382977630839e-01 -3.210519827609453092e+00 -5.450743822264117355e+00
1.182804802969703495e+01 1.693652661642349599e+01 -3.551008075036961742e+01 7.582171907795821619e-01 -3.247552173767216832e+00 -5.484913526257362726e+00
1.184268265534051068e+01 1.686192969172294553e+01 -3.563451022340338170e+01 9.457384788169820311e-01 -3.275513117831701848e+00 -5.549876057321821321e+00
1.186058764472011795e+01 1.678847201252828114e+01 -3.575922975612086674e+01 1.143389400434926317e+00 -3.269462393209930262e+00 -5.628625405703852280e+00
1.188350105285644531e+01 1.671962928771972656e+01 -3.588286209106446023e+01 1.301821453658409622e+00 -3.204459733308925085e+00 -5.704155561649824513e+00
1.191242292236325007e+01 1.665789971852425921e+01 -3.600433737598301320e+01 1.381815433162791429e+00 -3.064284213977262805e+00 -5.762419589940995124e+00
1.194540124622697874e+01 1.660187147555575393e+01 -3.612381537945121579e+01 1.384669320225026867e+00 -2.867592280829694751e+00 -5.801206853498237059e+00
1.197974600502724130e+01 1.654915522177482856e+01 -3.624176327525017172e+01 1.321810392772456266e+00 -2.641759721922547488e+00 -5.821265789777309685e+00
1.201276717934366367e+01 1.649736162014209739e+01 -3.635864823716100602e+01 1.204665928732422620e+00 -2.414162325312122270e+00 -5.823344836233983912e+00
1.204177474975585938e+01 1.644410133361816406e+01 -3.647493743896484375e+01 1.044663206032258485e+00 -2.212175879054718131e+00 -5.808192430324022659e+00
1.206472507031207364e+01 1.638750127044332316e+01 -3.659095287327046719e+01 8.572760536847858770e-01 -2.062370794291294995e+00 -5.778145269975033749e+00
1.208215998893509457e+01 1.632775331997653367e+01 -3.670643580799740135e+01 6.741645050446610776e-01 -1.988095974501306262e+00 -5.741893095001983305e+00
1.209526772701633490e+01 1.626556561685644553e+01 -3.682098232989280007e+01 5.310351445520387070e-01 -2.011894946248854676e+00 -5.709713905691682356e+00
1.210523650594721268e+01 1.620164629572169801e+01 -3.693418852570385269e+01 4.635945566470456858e-01 -2.156311236098040762e+00 -5.691885702330939267e+00
1.211325454711914062e+01 1.613670349121093750e+01 -3.704565048217772727e+01 5.075493257698261429e-01 -2.443888370612948169e+00 -5.698686485206562402e+00
1.212063697094899695e+01 1.607111588299103744e+01 -3.715519030329837591e+01 6.841560041905384582e-01 -2.878546382125044989e+00 -5.735178708555103810e+00
1.212920649395548978e+01 1.600394433084181856e+01 -3.726353416199666668e+01 9.568710154993834704e-01 -3.389711326035117267e+00 -5.785562642412073409e+00
1.214091273168280161e+01 1.593392023957135351e+01 -3.737163424844032278e+01 1.274700751116615738e+00 -3.888185763511380788e+00 -5.828823010762736345e+00
1.215770529967510072e+01 1.585977501398770428e+01 -3.748044275279700344e+01 1.586651602462440858e+00 -4.284772255721963852e+00 -5.843944537592343558e+00
1.218153381347656250e+01 1.578024005889892400e+01 -3.759091186523437500e+01 1.841729960957115386e+00 -4.490273363835068920e+00 -5.809911946886153977e+00
1.221325227629965937e+01 1.569473929152564651e+01 -3.770369411666105464e+01 1.997298400916690753e+00 -4.450736899036639826e+00 -5.714779232901321393e+00
1.224933224203005366e+01 1.560546667873870952e+01 -3.781824340094949832e+01 2.044144228240615035e+00 -4.253191672583803040e+00 -5.582877470982558599e+00
1.228514965222169764e+01 1.551530869982151728e+01 -3.793371395271306312e+01 1.981410931724157720e+00 -4.019911745751488574e+00 -5.447607006746487457e+00
1.231608044842855954e+01 1.542715183405747226e+01 -3.804926000656515583e+01 1.808242000162590291e+00 -3.873171179814599796e+00 -5.342368185809714731e+00
1.233750057220458984e+01 1.534388256072998047e+01 -3.816403579711914062e+01 1.523780922351201550e+00 -3.935244036048062721e+00 -5.300561353788860508e+00
1.234645807271711604e+01 1.526716330191956317e+01 -3.827739727424683736e+01 1.138279390244538281e+00 -4.284668892326217282e+00 -5.344111239010747916e+00
1.234668942958690074e+01 1.519376025089523630e+01 -3.838950724885376076e+01 7.064219084343850152e-01 -4.825042392921019996e+00 -5.449040100643054885e+00
1.234360323004808002e+01 1.511921554372313814e+01 -3.850073024710388125e+01 2.940011846717540678e-01 -5.416225698703921232e+00 -5.579894580563681927e+00
1.234260806133478816e+01 1.503907131646941409e+01 -3.861143079516111953e+01 -3.319007329227269959e-02 -5.918079970546275881e+00 -5.701221320650512681e+00
1.234911251068115234e+01 1.494886970520019354e+01 -3.872197341918945312e+01 -2.093591577066744591e-01 -6.190466369319526763e+00 -5.777566962781450322e+00
1.236681984414780544e+01 1.484545189929464115e+01 -3.883263979050197889e+01 -1.927175952385754842e-01 -6.145998117848216147e+00 -5.782091258960819324e+00
1.239261204310135511e+01 1.473085530138396138e+01 -3.894338016100849131e+01 -3.749385022786461824e-02 -5.908296686769554995e+00 -5.722406401698703071e+00
1.242166576773490938e+01 1.460841636741239213e+01 -3.905406192776790419e+01 1.780793785673698004e-01 -5.653735608673931878e+00 -5.614737693631625781e+00
1.244915767824157271e+01 1.448147155332415537e+01 -3.916455248783917398e+01 3.757693923890606524e-01 -5.558688416151703393e+00 -5.475310437396106344e+00
1.247026443481445312e+01 1.435335731506347656e+01 -3.927471923828125000e+01 4.773434924791373213e-01 -5.799528641793250117e+00 -5.320349935628654769e+00
1.248150302157789504e+01 1.422598031855324408e+01 -3.938343763723155178e+01 4.269172796309678719e-01 -6.483259138762809570e+00 -5.149630004888349433e+00
1.248475171838121156e+01 1.409552806963092486e+01 -3.948561538714157848e+01 2.579995528437379337e-01 -7.439400042520216694e+00 -4.897118517424405404e+00
1.248322912900495574e+01 1.395675828411265229e+01 -3.957516825154128526e+01 2.644741066810366373e-02 -8.428100809099058566e+00 -4.480331859408627437e+00
1.248015385722968063e+01 1.380442867781454375e+01 -3.964601199396066278e+01 -2.118820483453111303e-01 -9.209510894533076808e+00 -3.816786417012751009e+00
1.247874450683593750e+01 1.363329696655273438e+01 -3.969206237792968750e+01 -4.011317256458438174e-01 -9.543779754855872710e+00 -2.823998576408612404e+00
1.248115794533407197e+01 1.344126105043037533e+01 -3.970899451774952382e+01 -5.019785004883812185e-01 -9.263093702698329324e+00 -1.467836329935107154e+00
1.248530409515357675e+01 1.323877956669877953e+01 -3.969952093080605238e+01 -5.412351633498380110e-01 -8.487786477080099701e+00 9.242590539984686659e-02
1.248803114245375667e+01 1.303945133689627589e+01 -3.966811348525638437e+01 -5.622484825126562447e-01 -7.410228673617953454e+00 1.649162106421376395e+00
1.248618727339390411e+01 1.285687518256122175e+01 -3.961924404925760967e+01 -6.083652262592703641e-01 -6.222790887928804970e+00 2.994746249954343131e+00
1.247662067413330078e+01 1.270464992523193359e+01 -3.955738449096679688e+01 -7.229321628721225856e-01 -5.117843715629382118e+00 3.921552312823853637e+00
1.245755277337977773e+01 1.259237077391470905e+01 -3.948716168434850715e+01 -9.258329210975921875e-01 -4.246579850920841004e+00 4.277678102356520462e+00
1.243269797003523891e+01 1.251361848748754113e+01 -3.941382252659710161e+01 -1.143098571537891184e+00 -3.595480382341102121e+00 4.134116747885852483e+00
1.240714390555013225e+01 1.245797021229638268e+01 -3.934276892071440557e+01 -1.277297045259149222e+00 -3.109848497012450252e+00 3.617585209247034861e+00
1.238597822137489324e+01 1.241500309468717234e+01 -3.927940276970226563e+01 -1.230996273327522816e+00 -2.734987382057071148e+00 2.854800446275201242e+00
1.237428855895996094e+01 1.237429428100585760e+01 -3.922912597656250000e+01 -9.067641868091648183e-01 -2.416200224597228718e+00 1.972479418805589191e+00
1.237582079574155891e+01 1.232807081820523543e+01 -3.919620157932912008e+01 -2.531455425874979959e-01 -2.107828514523632180e+00 1.079671344724652648e+00
1.238895375309901681e+01 1.227915935566551120e+01 -3.918033715616491008e+01 5.974075991847549449e-01 -1.800366952801093268e+00 2.147544741244096222e-01
1.241072448839747011e+01 1.223303644337375751e+01 -3.918010142026485454e+01 1.466466352537692197e+00 -1.493348543162880127e+00 -6.015606848519208238e-01
1.243817005900203299e+01 1.219517863131704161e+01 -3.919406308482393086e+01 2.175601831501270400e+00 -1.186306289342314635e+00 -1.348563624060972410e+00
1.246832752227783025e+01 1.217106246948242188e+01 -3.922079086303710938e+01 2.546385150105575867e+00 -8.787731950726642705e-01 -2.005543835359516081e+00
1.249848992561201122e+01 1.216429373005878745e+01 -3.925909135502446645e+01 2.459203170679954642e+00 -5.752185907331917036e-01 -2.559153418792464496e+00
1.252697427647982309e+01 1.217099507404230074e+01 -3.930872270860653117e+01 2.029705748751174710e+00 -2.998571132868690370e-01 -3.025494907157898261e+00
1.255235357237854110e+01 1.218541838463094074e+01 -3.936968095852888183e+01 1.432358488145392350e+00 -8.183972634265856971e-02 -3.428033441442071005e+00
1.257320081080544583e+01 1.220181554502268817e+01 -3.944196213953715358e+01 8.416269926887074426e-01 4.968260649051570166e-02 -3.790234162631301196e+00
1.258808898925781072e+01 1.221443843841552734e+01 -3.952556228637695312e+01 4.319768662072202559e-01 6.555892160371443178e-02 -4.135562211711898861e+00
1.259642631943735047e+01 1.221883548409379117e+01 -3.962007917977219051e+01 3.340311666481197705e-01 -4.821087733939245779e-02 -4.482847414456233359e+00
1.260096186986352329e+01 1.221574124568725317e+01 -3.972351758436013114e+01 5.030427684426759249e-01 -2.450234175847008089e-01 -4.832378335781157830e+00
1.260527992326022861e+01 1.220718682291204260e+01 -3.983348401075628686e+01 8.504220001431862519e-01 -4.631244591054710646e-01 -5.179808225389565202e+00
1.261296476235137121e+01 1.219520331548428693e+01 -3.994758496957624772e+01 1.287579190301989307e+00 -6.407597618749971691e-01 -5.520790332984411464e+00
1.262760066986084162e+01 1.218182182312011541e+01 -4.006342697143553977e+01 1.725924667471358864e+00 -7.161750858665412167e-01 -5.850977908268594874e+00
1.265180527729044435e+01 1.216913563483557681e+01 -4.017923944785938062e+01 2.088828471931564401e+00 -6.448774857713378550e-01 -6.164683823555979103e+00
1.268432961125358105e+01 1.215948679684637845e+01 -4.029574351401153365e+01 2.347499490874498829e+00 -4.514191951524315072e-01 -6.450859441604018585e+00
1.272295804714156908e+01 1.215527954466815252e+01 -4.041428320596545376e+01 2.485106323220034330e+00 -1.776137422907971553e-01 -6.697115747781139383e+00
1.276547496034571516e+01 1.215891811381652765e+01 -4.053620255979455322e+01 2.484817567888007339e+00 1.347253445325513332e-01 -6.891063727455713384e+00
1.280966472625732422e+01 1.217280673980712891e+01 -4.066284561157227273e+01 2.329801823798263172e+00 4.437845370366496067e-01 -7.020314365996151551e+00
1.285336128416943779e+01 1.219799726648089688e+01 -4.079509480369263485e+01 2.019151880093118745e+00 7.079224918107908104e-01 -7.078148926289524745e+00
1.289459682898201542e+01 1.223013197097996851e+01 -4.093198620383202524e+01 1.615657286804664361e+00 8.861866049255570088e-01 -7.080529781297649983e+00
1.293145311949673548e+01 1.226350073877179625e+01 -4.107209428598739009e+01 1.198031784187505000e+00 9.377964573218028344e-01 -7.049089581501020163e+00
1.296201191451528878e+01 1.229239345532383076e+01 -4.121399352415572537e+01 8.449891124961779187e-01 8.219716299404025150e-01 -7.005460977380131737e+00
1.298435497283935547e+01 1.231110000610351385e+01 -4.135625839233398438e+01 6.352430119852831014e-01 4.979317037222363296e-01 -6.971276619415483822e+00
1.299773653976715337e+01 1.231547107103039274e+01 -4.149766313668651208e+01 6.241802579489184044e-01 -4.460912268945738113e-02 -6.962541703751556454e+00
1.300610080658300660e+01 1.230760050783237602e+01 -4.163778109204711342e+01 7.738797658393770096e-01 -6.939581798417818748e-01 -6.972751609188781785e+00
1.301456445106777338e+01 1.229114296868947775e+01 -4.177638536541701342e+01 1.023093486148507258e+00 -1.307928180579543964e+00 -6.989774260191585320e+00
1.302824415100231370e+01 1.226975310578170486e+01 -4.191324906379739446e+01 1.310573369368124963e+00 -1.744331837747446379e+00 -7.001477581224384572e+00
1.305225658416748047e+01 1.224708557128906072e+01 -4.204814529418945312e+01 1.575071365990089900e+00 -1.860981864190276891e+00 -6.995729496751601495e+00
1.308997482147142399e+01 1.222624250335261209e+01 -4.218110692812579288e+01 1.766519469831767442e+00 -1.568423499739127980e+00 -6.963669243685800758e+00
1.313779750633147003e+01 1.220811598395761166e+01 -4.231320589526466591e+01 1.879569848012761835e+00 -9.881320921704727089e-01 -6.909521308732112566e+00
1.319037967529222222e+01 1.219304558105036485e+01 -4.244577388979570998e+01 1.920054710978202239e+00 -2.943155162472056441e-01 -6.840781491043813389e+00
1.324237636489830727e+01 1.218137086257718416e+01 -4.258014260590859124e+01 1.893806269173234691e+00 3.388183532678598620e-01 -6.764945589774180590e+00
1.328844261169433416e+01 1.217343139648437500e+01 -4.271764373779296164e+01 1.806656733042992791e+00 7.370616416118982439e-01 -6.689509404076479981e+00
1.332452285812400206e+01 1.216923567337165935e+01 -4.285907660076148318e+01 1.666517210885271938e+00 7.719234213501062758e-01 -6.620442182067050929e+00
1.335171917022734789e+01 1.216746787445241296e+01 -4.300311099461882947e+01 1.489614402408441896e+00 4.977805543600248850e-01 -6.557606967714422197e+00
1.337242301994349702e+01 1.216648110359343171e+01 -4.314788434029268416e+01 1.294253905173548436e+00 1.472684984729096674e-02 -6.499340253950194324e+00
1.338902587921157661e+01 1.216462846466150971e+01 -4.329153405871078775e+01 1.098741316741606244e+00 -5.771438829825198402e-01 -6.443978533705954526e+00
1.340391921997070312e+01 1.216026306152343750e+01 -4.343219757080078125e+01 9.213822346736627589e-01 -1.177737834923742621e+00 -6.389858299913299788e+00
1.341949451416000727e+01 1.215173799804601096e+01 -4.356801229749039095e+01 7.804822565307332205e-01 -1.686961196770812466e+00 -6.335316045503819993e+00
1.343814323371861441e+01 1.213740637809602241e+01 -4.369711565970730760e+01 6.943469798738608478e-01 -2.004720159318072792e+00 -6.278688263409111237e+00
1.346225685058564281e+01 1.211562130554026595e+01 -4.381764507837923617e+01 6.812820022640692086e-01 -2.030920913359932189e+00 -6.218311446560761624e+00
1.349422683670021605e+01 1.208473588424553036e+01 -4.392773797443383188e+01 7.595929212623894200e-01 -1.665469649690776377e+00 -6.152522087890367253e+00
1.353644466400146484e+01 1.204310321807861328e+01 -4.402553176879882812e+01 9.475853344298601488e-01 -8.082725591049547686e-01 -6.079656680329517116e+00
