2.463497598405874811e+01 2.778966733495651624e+02 5.852570695054973271e+01 4.157929883587260456e+00 -5.830117180485065376e+01 -7.743109832065049147e+01
2.473085823312024445e+01 2.766508546938769655e+02 5.693822372279241506e+01 4.379964525477927140e+00 -5.963715244899302803e+01 -7.770120797908428756e+01
2.482171042552435125e+01 2.754360557403359735e+02 5.539581371762192674e+01 4.482135296090502763e+00 -6.098756411389364018e+01 -7.798215218907387225e+01
2.490805525534269549e+01 2.742382801492183830e+02 5.388577439499353972e+01 4.483268808087580659e+00 -6.235301320326180985e+01 -7.827029115023540840e+01
2.499041541664688637e+01 2.730435315808006749e+02 5.239540321486254726e+01 4.402191674131755939e+00 -6.373410612080686377e+01 -7.856198506218505884e+01
2.506931360350855087e+01 2.718378136953592730e+02 5.091199763718424265e+01 4.257730506885620159e+00 -6.513144927023810737e+01 -7.885359412453902905e+01
2.514527250999929109e+01 2.706071301531705444e+02 4.942285512191389074e+01 4.068711919011767542e+00 -6.654564905526488872e+01 -7.914147853691348189e+01
2.521881483019073045e+01 2.693374846145107995e+02 4.791527312900677060e+01 3.853962523172789645e+00 -6.797731187959649901e+01 -7.942199849892458019e+01
2.529046325815449592e+01 2.680148807396565758e+02 4.637654911841821104e+01 3.632308932031282023e+00 -6.942704414694230763e+01 -7.969151421018854364e+01
2.536074048796217895e+01 2.666253221888840699e+02 4.479398055010344137e+01 3.422577758249836677e+00 -7.089545226101157027e+01 -7.994638587032150667e+01
2.543016921368541361e+01 2.651548126224697626e+02 4.315486488401776910e+01 3.243595614491046053e+00 -7.238314262551365630e+01 -8.018297367893967476e+01
2.549907283302185945e+01 2.635960649624157099e+02 4.145300760119491201e+01 3.108562309435104698e+00 -7.389121898565372248e+01 -8.039951663722425224e+01
2.556697755817335604e+01 2.619686291776263829e+02 3.970824626698232862e+01 3.008170435832603129e+00 -7.542277445262028834e+01 -8.060176895261666630e+01
2.563321030496778263e+01 2.602987644987321687e+02 3.794692646780591616e+01 2.927485782451733520e+00 -7.698139947909774605e+01 -8.079736363412334299e+01
2.569709798923302202e+01 2.586127301563631136e+02 3.619539379009157898e+01 2.851574138060686270e+00 -7.857068451777043094e+01 -8.099393369075070837e+01
2.575796752679697121e+01 2.569367853811497184e+02 3.447999382026522142e+01 2.765501291427654884e+00 -8.019422002132274940e+01 -8.119911213150525953e+01
2.581519275199710961e+01 2.552896978728315673e+02 3.281980152841195775e+01 2.657288896578001935e+00 -8.185244920325907003e+01 -8.141827343172016640e+01
2.586833517320942022e+01 2.536602692075874472e+02 3.120480941925401552e+01 2.526782068565789352e+00 -8.353322632036406503e+01 -8.164775793203585863e+01
2.591700321731946488e+01 2.520298094307055692e+02 2.961773938117280380e+01 2.376781787702250792e+00 -8.522125839024232619e+01 -8.188164743941950974e+01
2.596080531121280899e+01 2.503796285874740875e+02 2.804131330254974941e+01 2.210089034298619914e+00 -8.690125243049850212e+01 -8.211402376083825061e+01
2.599934988177504280e+01 2.486910367231813836e+02 2.645825307176630048e+01 2.029504788666130821e+00 -8.855791545873724147e+01 -8.233896870325929740e+01
2.603246497927834113e+01 2.469502380514200013e+02 2.485561715618328549e+01 1.839141235304998956e+00 -9.018327970536310545e+01 -8.255157709050224923e+01
2.606085714754140170e+01 2.451630134590002967e+02 2.323781033907914306e+01 1.648355375471358686e+00 -9.179867825198040521e+01 -8.275099581379657820e+01
2.608545255376948546e+01 2.433400380010368451e+02 2.161357398271170993e+01 1.467815414610326163e+00 -9.343276939299335027e+01 -8.293738478122418201e+01
2.610717736516788179e+01 2.414919867326442784e+02 1.999164944933882282e+01 1.308189558167017097e+00 -9.511421142280613594e+01 -8.311090390086692992e+01
2.612695774894189071e+01 2.396295347089372854e+02 1.838077810121831490e+01 1.180146011586547417e+00 -9.687166263582300019e+01 -8.327171308080674805e+01
2.614542058308753880e+01 2.377570934828646330e+02 1.678504008047477569e+01 1.088383184602642828e+00 -9.872633752422993325e+01 -8.341963025621726047e+01
2.616199558876387243e+01 2.358540205987116849e+02 1.518987064869980408e+01 1.013720304103472358e+00 -1.006696753713400483e+02 -8.355310547063898241e+01
2.617581319792065742e+01 2.338934100985978262e+02 1.357604384735173397e+01 9.310068012658139214e-01 -1.026856716582482818e+02 -8.367024679470419812e+01
2.618600384250769508e+01 2.318483560246426691e+02 1.192433371788892238e+01 8.150921072664473188e-01 -1.047583218660494992e+02 -8.376916229904513500e+01
2.619169795447476190e+01 2.296919524189655988e+02 1.021551430176969610e+01 6.408256532821499096e-01 -1.068716214758386371e+02 -8.384796005429404886e+01
2.619218368898174987e+01 2.274081309440859684e+02 8.438635112811095240e+00 3.905400405852466617e-01 -1.090125337172457165e+02 -8.390549720264668565e+01
2.618738009402894207e+01 2.250241737441221517e+02 6.615847554264886909e+00 7.650055083024424885e-02 -1.111798928140411533e+02 -8.394362717255249606e+01
2.617736394082671580e+01 2.225782005835924338e+02 4.777578501741534645e+00 -2.815443642328043228e-01 -1.133755007385304481e+02 -8.396495246402443513e+01
2.616221200058546970e+01 2.201083312270150998e+02 2.954254830851497537e+00 -6.638462528538464635e-01 -1.156011594630191581e+02 -8.397207557707545789e+01
2.614200104451558460e+01 2.176526854389084065e+02 1.176303417205234014e+00 -1.050656663282829140e+00 -1.178586709598127555e+02 -8.396759901171851936e+01
2.611675010887491410e+01 2.152385790918500277e+02 -5.341989531113692236e-01 -1.424746576838041401e+00 -1.201482035605164640e+02 -8.395383814690042357e+01
2.608624729011116017e+01 2.128501124906550217e+02 -2.188575852110790532e+00 -1.778964707111152510e+00 -1.224633910339340019e+02 -8.393195987730342722e+01
2.605022294971948682e+01 2.104605820481978640e+02 -3.806500941330059895e+00 -2.108679200762168193e+00 -1.247962335081687115e+02 -8.390284397654356496e+01
2.600840744919506164e+01 2.080432841773530015e+02 -5.407647882306219067e+00 -2.409258204451096397e+00 -1.271387311113239491e+02 -8.386737021823695670e+01
2.596053115003305223e+01 2.055715152909949097e+02 -7.011690336576308802e+00 -2.676069864837946177e+00 -1.294828839715030995e+02 -8.382641837599966550e+01
2.590641689012961635e+01 2.030255580315890427e+02 -8.633566547414323722e+00 -2.909439582364818921e+00 -1.318263767770196182e+02 -8.377994691594143717e+01
2.584625741298489032e+01 2.004136399599645699e+02 -1.026927308504206060e+01 -3.129521772602187113e+00 -1.341896324570272725e+02 -8.372422907414643589e+01
2.578033793849999711e+01 1.977509748665416964e+02 -1.191007110141829806e+01 -3.361428104902620895e+00 -1.365987585008899998e+02 -8.365461677919246597e+01
2.570894368657606321e+01 1.950527765417404567e+02 -1.354722174850178718e+01 -3.630270248618685969e+00 -1.390798623979716240e+02 -8.356646195965733170e+01
2.563235987711420805e+01 1.923342587759811408e+02 -1.517198617825128437e+01 -3.961159873102949813e+00 -1.416590516376360824e+02 -8.345511654411885161e+01
2.555061795747395337e+01 1.896012793393495883e+02 -1.677954373583381908e+01 -4.370166591030505643e+00 -1.443591652623342725e+02 -8.331351916195360729e+01
2.546273428484834156e+01 1.868222719205949716e+02 -1.838074653924946489e+01 -4.837191788366552281e+00 -1.471899685268650160e+02 -8.312495524573313332e+01
2.536747144388881736e+01 1.839563141881323531e+02 -1.999036489970655950e+01 -5.333094794398813399e+00 -1.501579582391144072e+02 -8.287029692882785525e+01
2.526359201924680420e+01 1.809624838103765399e+02 -2.162316912841345129e+01 -5.828734938415017552e+00 -1.532696312069682563e+02 -8.253041634460802811e+01
2.514985859557374681e+01 1.777998584557425374e+02 -2.329392953657847798e+01 -6.294971549702887970e+00 -1.565314842383126006e+02 -8.208618562644404903e+01
2.502528861929293313e+01 1.744437378088937294e+02 -2.501054190041181968e+01 -6.711636315618547677e+00 -1.599438168184104541e+02 -8.152657415499741944e+01
2.488991898391501678e+01 1.709343096194871521e+02 -2.675340385613096217e+01 -7.094450355791703799e+00 -1.634821391420334464e+02 -8.087294030009411472e+01
2.474404144472251232e+01 1.673279836534282765e+02 -2.849603850495523005e+01 -7.468107147920457933e+00 -1.671157640813303544e+02 -8.015473967885128559e+01
2.458794775699794144e+01 1.636811696766226305e+02 -3.021196894810395506e+01 -7.857300169702918780e+00 -1.708140045084500116e+02 -7.940142790838615383e+01
2.442192967602381160e+01 1.600502774549756566e+02 -3.187471828679645469e+01 -8.286722898837188822e+00 -1.745461732955411662e+02 -7.864246060581579911e+01
2.424617490669804809e+01 1.564755286491023583e+02 -3.346480527070907840e+01 -8.775675426729199202e+00 -1.782928655192753240e+02 -7.789373791994545115e+01
2.406045495238029375e+01 1.529323924984559824e+02 -3.499073124334629625e+01 -9.321884299616215230e+00 -1.820798050744152192e+02 -7.711693812633261302e+01
2.386443726604559501e+01 1.493801501371992231e+02 -3.646799319666956052e+01 -9.917682677443314887e+00 -1.859439980602462299e+02 -7.626018403222275310e+01
2.365778930066899122e+01 1.457780826994946324e+02 -3.791208812264038386e+01 -1.055540372015559214e+01 -1.899224505760538193e+02 -7.527159844486135398e+01
2.344017850922554658e+01 1.420854713195049897e+02 -3.933851301322022209e+01 -1.122738058769813740e+01 -1.940521687211234223e+02 -7.409930417149395510e+01
2.321132985416432604e+01 1.382717737603071271e+02 -4.075851758382039236e+01 -1.192736924068474735e+01 -1.983585856922409505e+02 -7.270715321178514046e+01
2.297119833583046500e+01 1.343471543006342301e+02 -4.216636244365137287e+01 -1.265481684240405613e+01 -2.028208430761935972e+02 -7.112191433507580030e+01
2.271979646404312803e+01 1.303319538481336224e+02 -4.355206092537347473e+01 -1.341059335681342191e+01 -2.074065095572691746e+02 -6.938608550312595469e+01
2.245713674862147613e+01 1.262465133104527126e+02 -4.490562636164702326e+01 -1.419556874787019396e+01 -2.120831538197554096e+02 -6.754216467769555265e+01
2.218323169938465256e+01 1.221111735952387534e+02 -4.621707208513228693e+01 -1.501061297953171270e+01 -2.168183445479399154e+02 -6.563264982054458585e+01
2.189697135142259654e+01 1.179321648194420931e+02 -4.747855329859114448e+01 -1.586007675954362028e+01 -2.216060735334725109e+02 -6.366730465612637602e+01
2.159275584090823585e+01 1.136592739372247678e+02 -4.869079268519154624e+01 -1.676223377080466292e+01 -2.265460249974509850e+02 -6.152495595966766473e+01
2.126386282928530136e+01 1.092281771120518243e+02 -4.985665479820301726e+01 -1.773883844000187437e+01 -2.317643062683353037e+02 -5.905169626908853076e+01
2.090356997799749905e+01 1.045745505073883379e+02 -5.097900419089506130e+01 -1.881164519382229017e+01 -2.373870246745852910e+02 -5.609361812230905286e+01
2.050515494848853848e+01 9.963407028669928422e+01 -5.206070541653718209e+01 -2.000240845895293518e+01 -2.435402875446608277e+02 -5.249681405724929562e+01
2.006406941592290138e+01 9.436753736804828918e+01 -5.309979765162276522e+01 -2.132728889924903726e+01 -2.503023373107509428e+02 -4.814547366731449074e+01
1.958446111034813342e+01 8.883625168789286874e+01 -5.407501856554083020e+01 -2.278007212723869657e+01 -2.575599568199620535e+02 -4.307617476785011945e+01
1.907265177553251689e+01 8.312663793728911799e+01 -5.496028045090415759e+01 -2.434894999261816295e+01 -2.651520640231292987e+02 -3.736359222968683014e+01
1.853496315524437321e+01 7.732512080729317461e+01 -5.572949560032562744e+01 -2.602211434508370402e+01 -2.729175768710881584e+02 -3.108240092365528540e+01
1.797771699325200245e+01 7.151812498896117631e+01 -5.635657630641809135e+01 -2.778775703433160160e+01 -2.806954133146741128e+02 -2.430727572058613362e+01
1.740454469979449215e+01 6.576773011848193562e+01 -5.681685777841823182e+01 -2.964121479367610945e+01 -2.883407121762439260e+02 -1.703838924349647854e+01
1.680831635099409738e+01 6.003863561257553982e+01 -5.709136689205819692e+01 -3.160640389090350411e+01 -2.957734957642414315e+02 -8.977905124149353711e+00
1.617921168944383936e+01 5.427119583309475814e+01 -5.716255343969394431e+01 -3.371438547741803404e+01 -3.029300072586315764e+02 2.465152535057553995e-01
1.550741045773675530e+01 4.840576514189239532e+01 -5.701286721368141741e+01 -3.599622070462395129e+01 -3.097464898393794783e+02 1.100721050551935676e+01
1.478309239846587886e+01 4.238269790082123478e+01 -5.662475800637663070e+01 -3.848297072392553275e+01 -3.161591866864503118e+02 2.367651924794196461e+01
1.399898965621085978e+01 3.616410316096690991e+01 -5.597907528407689881e+01 -4.117904494950592920e+01 -3.220047669841082438e+02 3.849680739390150563e+01
1.315804398349786197e+01 2.979910873034645746e+01 -5.505026720884520586e+01 -4.398224584666410664e+01 -3.267216039338143787e+02 5.519055004483570315e+01
1.226574953483965302e+01 2.335859710620971796e+01 -5.381118161668587163e+01 -4.676372414347790851e+01 -3.296484967413288132e+02 7.335024959925965504e+01
1.132760046474902005e+01 1.691345078580661010e+01 -5.223466634360322303e+01 -4.939463056802514274e+01 -3.301242446124114167e+02 9.256840845568825671e+01
1.034909092773871997e+01 1.053455226638685893e+01 -5.029356922560158694e+01 -5.174611584838373801e+01 -3.274876467528225135e+02 1.124375290126370857e+02
9.335001213429372058e+00 4.283231905582881360e+00 -4.796447888153125660e+01 -5.370287888755014194e+01 -3.212620475421252308e+02 1.324899190120499384e+02
8.287256151872888665e+00 -1.817388497443001683e+00 -4.523894706162626989e+01 -5.520381128819524008e+01 -3.117089720550946481e+02 1.520171075695863578e+02
7.207066708229016960e+00 -7.753739283145979932e+00 -4.211226629896660967e+01 -5.620135282790852216e+01 -2.992744905403089319e+02 1.702504291443347313e+02
6.095643847657504999e+00 -1.351225079198124845e+01 -3.857972912663228726e+01 -5.664794328427952053e+01 -2.844046732463464764e+02 1.864212181953835739e+02
4.954198535318091956e+00 -1.907935336440398544e+01 -3.463662807770326424e+01 -5.649602243489768227e+01 -2.675455904217853345e+02 1.997608091818211733e+02
3.787306490231653111e+00 -2.443449300900090648e+01 -3.030021477030089372e+01 -5.573122191488964461e+01 -2.491985791501714971e+02 2.097093349273481238e+02
2.613002446863565087e+00 -2.952917840688478179e+01 -2.567557716271190316e+01 -5.447194078953037888e+01 -2.300860438549218543e+02 2.165421217141131933e+02
1.452685893540332840e+00 -3.430793390729991188e+01 -2.088976229826439379e+01 -5.286976998163199681e+01 -2.109856557944213193e+02 2.207432941888772291e+02
3.277563185884589392e-01 -3.871528385949059725e+01 -1.606981722028643489e+01 -5.107630041400658172e+01 -1.926750862270544360e+02 2.227969769984010782e+02
-7.403867896655522696e-01 -4.269575261270112065e+01 -1.134278897210611170e+01 -4.924312300946623111e+01 -1.759320064112059754e+02 2.231872947894455876e+02
-1.736020703787725106e+00 -4.621515662591221485e+01 -6.807585966407661893e+00 -4.749533026190573537e+01 -1.613389414390586012e+02 2.223515220505938430e+02
-2.666129739914276708e+00 -4.932448079705063293e+01 -2.450562093299542887e+00 -4.585202094955065633e+01 -1.486978317379856378e+02 2.205395326377175422e+02
-3.543374975073928734e+00 -5.209600213377942879e+01 1.770067387753540000e+00 -4.430579542170922025e+01 -1.376154715691585295e+02 2.179543502485104227e+02
-4.380417486295415053e+00 -5.460199764376172027e+01 5.896087217286924975e+00 -4.284925402768968894e+01 -1.276986551937487064e+02 2.147989985806663640e+02
-5.189918350607467978e+00 -5.691474433466066074e+01 9.969282135835955572e+00 -4.147499711680031709e+01 -1.185541768729275702e+02 2.112765013318792171e+02
-5.981694723053158746e+00 -5.909352303645652427e+01 1.402069974463431734e+01 -4.017162991651600379e+01 -1.098596644623936669e+02 2.075658571361132942e+02
-6.754188070732894289e+00 -6.114562986839817427e+01 1.803843908770904036e+01 -3.891177716697821154e+01 -1.015760801959541055e+02 2.037499643724146381e+02
-7.502995938761419126e+00 -6.306536477205165170e+01 2.199986206978548964e+01 -3.766406848649502592e+01 -9.373521990194319642e+01 1.998876963560996671e+02
-8.223715872253478665e+00 -6.484702768898300462e+01 2.588233059558906035e+01 -3.639713349337455384e+01 -8.636887940869524982e+01 1.960379264024849988e+02
-8.911945416323813873e+00 -6.648491856075821715e+01 2.966320656984510151e+01 -3.507960180592490218e+01 -7.950885454454450496e+01 1.922595278268869947e+02
-9.565437983930788590e+00 -6.797730392859448045e+01 3.333000149105235721e+01 -3.369365210968331326e+01 -7.316705321488426250e+01 1.885903843902910637e+02
-1.019057045940722617e+01 -6.933831673231340176e+01 3.691082523280297067e+01 -3.227565935910359940e+01 -6.727583163334369942e+01 1.849844216363577232e+02
-1.079587559492957460e+01 -7.058605651138763903e+01 4.044393726246246246e+01 -3.087554757586876875e+01 -6.174765809061095467e+01 1.813745755544165661e+02
-1.138988614267427124e+01 -7.173862280528990709e+01 4.396759704739632468e+01 -2.954324078166175838e+01 -5.649500087737414589e+01 1.776937821337968728e+02
-1.198113485481776053e+01 -7.281411515349293495e+01 4.752006405497007080e+01 -2.832866299816556221e+01 -5.143032828432142622e+01 1.738749773638281795e+02
-1.257504053562677448e+01 -7.382585264211770948e+01 5.112391533179933134e+01 -2.726534478168593978e+01 -4.648834043174112196e+01 1.698783200577197192e+02
-1.316456619772917058e+01 -7.476803254387824893e+01 5.473899824149998494e+01 -2.632124282701973783e+01 -4.169266475832212393e+01 1.657728603241994563e+02
-1.373956090584311696e+01 -7.563007167813699994e+01 5.830947772693813391e+01 -2.544792036358663623e+01 -3.708916053235355292e+01 1.616548710958754782e+02
-1.428987372468675687e+01 -7.640138686425630965e+01 6.177951873097977398e+01 -2.459694062080627575e+01 -3.272368702212449421e+01 1.576206253053556168e+02
-1.480535371897823715e+01 -7.707139492159848260e+01 6.509328619649092218e+01 -2.371986682809830782e+01 -2.864210349592401883e+01 1.537663958852476185e+02
-1.527881786749051685e+01 -7.763343576946280677e+01 6.821046013235097405e+01 -2.278292467511590047e+01 -2.487473738991239713e+01 1.501633588640106893e+02
-1.571495480521583410e+01 -7.809654172689627671e+01 7.115278081149315881e+01 -2.181098969244618146e+01 -2.138978881173402868e+01 1.467823026535083386e+02
-1.612142108120119133e+01 -7.847366821288272831e+01 7.395750357286394205e+01 -2.084359987090980226e+01 -1.813992603690464023e+01 1.435689187614553930e+02
-1.650587324449361049e+01 -7.877777064640595484e+01 7.666188375540980360e+01 -1.992029320132742143e+01 -1.507781734093988923e+01 1.404688986955666223e+02
-1.687596784414012774e+01 -7.902180444644990587e+01 7.930317669807733694e+01 -1.908060767451969042e+01 -1.215613099935542607e+01 1.374279339635569386e+02
-1.723777682715475734e+01 -7.921652399166714531e+01 8.191129308089274730e+01 -1.835158575864163666e+01 -9.334535818134286345e+00 1.344009975105456363e+02
-1.759103373241953960e+01 -7.936387949938537645e+01 8.448676494820136895e+01 -1.771028783118581273e+01 -6.600702725129032444e+00 1.313801880312706203e+02
-1.793388749678352312e+01 -7.946362014660113005e+01 8.702277968542837527e+01 -1.712127874697916141e+01 -3.949303178659616442e+00 1.283668856578745476e+02
-1.826448705709575293e+01 -7.951549511031085160e+01 8.951252467799882595e+01 -1.654912336084862190e+01 -1.375008637045985749e+00 1.253624705224998905e+02
-1.858098135020526342e+01 -7.951925356751100082e+01 9.194918731133780909e+01 -1.595838652762111565e+01 1.127509441391910672e+00 1.223683227572891923e+02
-1.888204523961331205e+01 -7.947513723493757709e+01 9.432671911669828546e+01 -1.532185533547621681e+01 3.561403569242960199e+00 1.193882906396955264e+02
-1.916845729542995969e+01 -7.938535798828442580e+01 9.664212820864435116e+01 -1.464520580600394339e+01 5.921122142731396920e+00 1.164360950284138028e+02
-1.944152201441747962e+01 -7.925262024298491781e+01 9.889318684756794653e+01 -1.394233619414695013e+01 8.198937528990290602e+00 1.135279249274494617e+02
-1.970254389333814160e+01 -7.907962841447236713e+01 1.010776672938609693e+02 -1.322714475484788110e+01 1.038712209515271034e+01 1.106799693408079150e+02
-1.995282742895421890e+01 -7.886908691818013040e+01 1.031933418079153739e+02 -1.251352974304938748e+01 1.247794820835172125e+01 1.079084172724946029e+02
-2.019338385159078797e+01 -7.862231158626752858e+01 1.052413701400756594e+02 -1.181347432345847714e+01 1.446964253013289081e+01 1.052197277209151878e+02
-2.042405132582415916e+01 -7.833506391779754097e+01 1.072364620004964451e+02 -1.113130129983956351e+01 1.638424889969172327e+01 1.025814396620758231e+02
-2.064437474979344600e+01 -7.800171682855921063e+01 1.091967145892849942e+02 -1.046941838572143091e+01 1.824976545063622524e+01 9.995136206638305509e+01
-2.085389902163776554e+01 -7.761664323434142432e+01 1.111402251065484705e+02 -9.830233294632851226e+00 2.009419031657439092e+01 9.728730390424323105e+01
-2.105216903949623486e+01 -7.717421605093319670e+01 1.130850907523940663e+02 -9.216153740102601688e+00 2.194552163111421805e+01 9.454707414606285454e+01
-2.123887011104261902e+01 -7.667167858661875357e+01 1.150414721835641956e+02 -8.628550720191251244e+00 2.382337438086946335e+01 9.170419455833000200e+01
-2.141424918208921468e+01 -7.611775571966286691e+01 1.169877838833415922e+02 -8.064648371086489576e+00 2.571383096447685190e+01 8.879503809185939645e+01
-2.157869360798300917e+01 -7.552404272082580405e+01 1.188945037916443255e+02 -7.520634113507819407e+00 2.759459063357887842e+01 8.587169049354749006e+01
-2.173259074407094715e+01 -7.490213486086759076e+01 1.207321098483903086e+02 -6.992695368174723036e+00 2.944335263981801987e+01 8.298623751029069240e+01
-2.187632794569998040e+01 -7.426362741054835226e+01 1.224710799934974403e+02 -6.477019555806686313e+00 3.123781623483676029e+01 8.019076488898534194e+01
-2.201013363131863088e+01 -7.361692933133565475e+01 1.240901932715970872e+02 -5.970440493440549723e+00 3.295935207396896516e+01 7.752315729615686735e+01
-2.213360047178168699e+01 -7.295770434752675726e+01 1.256014331461740454e+02 -5.472377583382460386e+00 3.460401642731438443e+01 7.496449507684616265e+01
-2.224616220104547537e+01 -7.227842987412638820e+01 1.270250841854263939e+02 -4.982896624255936047e+00 3.617153696866402157e+01 7.248165749572315519e+01
-2.234725255306632974e+01 -7.157158332613929019e+01 1.283814309575522259e+02 -4.502063414684480236e+00 3.766164137180894755e+01 7.004152381745775813e+01
-2.243630526180059803e+01 -7.082964211857020587e+01 1.296907580307497199e+02 -4.029943753291604480e+00 3.907405731054026177e+01 6.761097330671988459e+01
-2.251306629602819598e+01 -7.004763673661999235e+01 1.309688127915240727e+02 -3.565783065400768059e+00 4.041182004301935393e+01 6.516405896295417222e+01
-2.257853056382341350e+01 -6.923080994627429163e+01 1.322131938996091094e+02 -3.105545283135267898e+00 4.169119516488897403e+01 6.270352872470415662e+01
-2.263400520808412608e+01 -6.838695758371488864e+01 1.334169628330458295e+02 -2.644373965318357556e+00 4.293175585616222634e+01 6.023930426528816895e+01
-2.268079737170821986e+01 -6.752387548512356830e+01 1.345731810698753179e+02 -2.177412670773290149e+00 4.415307529685222221e+01 5.778130725802448353e+01
-2.272021419759354899e+01 -6.664935948668207288e+01 1.356749100881383754e+02 -1.699804958323317461e+00 4.537472666697202328e+01 5.533945937623138889e+01
-2.275308348529697966e+01 -6.576766108838857861e+01 1.367178353176854841e+02 -1.208930584303362643e+00 4.661139734627593612e+01 5.291777791669785103e+01
-2.277831566101117033e+01 -6.486885444550625834e+01 1.377081379956043179e+02 -7.111140950950217698e-01 4.785823151348296278e+01 5.049666267009538245e+01
-2.279434180758776662e+01 -6.393946937711479706e+01 1.386546233107920614e+02 -2.149162345915615890e-01 4.910548754705329344e+01 4.805060905056619447e+01
-2.279959300787840704e+01 -6.296603570229368074e+01 1.395660964521457288e+02 2.711022533137528168e-01 5.034342382544711825e+01 4.555411247225245575e+01
-2.279250034473473008e+01 -6.193508324012252331e+01 1.404513626085624765e+02 7.383806247276547552e-01 5.156229872712464157e+01 4.298166834929635627e+01
-2.277199636376636249e+01 -6.083866160430030590e+01 1.413156238072209021e+02 1.182725242859453463e+00 5.275343043580751612e+01 4.031913295911212458e+01
-2.273901946161480581e+01 -5.969089958700353549e+01 1.421496694284252555e+02 1.617410899328754814e+00 5.391237635626315949e+01 3.759780603220208661e+01
-2.269500949767956044e+01 -5.851144577502817157e+01 1.429406856907613701e+02 2.060079492857740835e+00 5.503575369852050159e+01 3.486034816234059264e+01
-2.264140633136010550e+01 -5.731994875517010968e+01 1.436758588128149938e+02 2.528372922168590886e+00 5.612017967260840123e+01 3.214941994330200004e+01
-2.257964982205594495e+01 -5.613605711422527378e+01 1.443423750131718748e+02 3.039933085983486993e+00 5.716227148855576701e+01 2.950768196886067329e+01
-2.251086576064924927e+01 -5.497403046156973261e+01 1.449308027038553064e+02 3.603464287866454008e+00 5.816038942282655455e+01 2.696373868071371760e+01
-2.243492366395290105e+01 -5.382657249689992085e+01 1.454452390706381664e+02 4.191920450748887639e+00 5.911986601762476568e+01 2.448996991224916187e+01
-2.235137898026248493e+01 -5.268099794249247481e+01 1.458931634927309062e+02 4.769317902404030640e+00 6.004777688158954874e+01 2.204469934477782900e+01
-2.225978715787357132e+01 -5.152462152062395973e+01 1.462820553493440059e+02 5.299672970605124434e+00 6.095119762335997393e+01 1.958625065961050282e+01
-2.215970364508171997e+01 -5.034475795357094796e+01 1.466193940196876895e+02 5.747001983125406888e+00 6.183720385157511146e+01 1.707294753805796361e+01
-2.205093880041451371e+01 -4.913219601304633244e+01 1.469115962493566485e+02 6.088358007613291711e+00 6.271102401943581128e+01 1.447931055599324779e+01
-2.193432262332753169e+01 -4.789162066850829547e+01 1.471608282494822504e+02 6.352941071217875546e+00 6.357049795838985773e+01 1.184464786753837906e+01
-2.181094002350834060e+01 -4.663119093885116939e+01 1.473681935975798467e+02 6.582987940963436202e+00 6.441161834444677936e+01 9.224464521377427673e+00
-2.168187591064450359e+01 -4.535906584296938604e+01 1.475347958711649028e+02 6.820735383874236391e+00 6.523037785361607632e+01 6.674265566194637955e+00
-2.154821519442361577e+01 -4.408340439975739145e+01 1.476617386477529976e+02 7.108420166974552146e+00 6.602276916190730560e+01 4.249556050674209828e+00
-2.141029138709327739e+01 -4.280832516223156148e+01 1.477487134083937406e+02 7.478011116779576639e+00 6.678828806004028706e+01 1.980433100357846588e+00
-2.126543241114128691e+01 -4.152178481989614056e+01 1.477897632482736867e+02 7.920405297768226660e+00 6.754044279757623315e+01 -2.046378517826929477e-01
-2.111021479161548697e+01 -4.020769959637738111e+01 1.477775191661136489e+02 8.416231833910346793e+00 6.829624473878671154e+01 -2.402599295918134814e+00
-2.094121505356372026e+01 -3.884998571530150002e+01 1.477046121606344116e+02 8.946119849175783401e+00 6.907270524794324729e+01 -4.710393722219208712e+00
-2.075500972203380101e+01 -3.743255940029470707e+01 1.475636732305566738e+02 9.490698467534373961e+00 6.988683568931739387e+01 -7.224963620856637903e+00
-2.054944311864126050e+01 -3.594595959085902592e+01 1.473499962432443340e+02 1.003295642501406171e+01 7.074848707670207659e+01 -1.001072934781020329e+01
-2.032743075127225651e+01 -3.440721608999940884e+01 1.470695265406326655e+02 1.056532090587515782e+01 7.163886902197562279e+01 -1.300202272229588374e+01
-2.009315592438064613e+01 -3.283998141659663617e+01 1.467308723333001979e+02 1.108257870643606502e+01 7.253203078653771740e+01 -1.610065342933870625e+01
-1.985080194242025087e+01 -3.126790808953142786e+01 1.463426418318253468e+02 1.157951662301518780e+01 7.340202163178807382e+01 -1.920843115396369427e+01
-1.960455210984492425e+01 -2.971464862768455006e+01 1.459134432467864997e+02 1.205092145193093067e+01 7.422289081912636277e+01 -2.222716558119588370e+01
-1.935752762136421268e+01 -2.819762336998414298e+01 1.454492524383015279e+02 1.249410559639862406e+01 7.497450903667859734e+01 -2.508497234207582949e+01
-1.910860123271044841e+01 -2.670932393554789286e+01 1.449455158646456994e+02 1.291648388722125063e+01 7.566003267947566258e+01 -2.781519085170624450e+01
-1.885558358987168148e+01 -2.523600976354088488e+01 1.443950476336339079e+02 1.332799676209872963e+01 7.628843956927484271e+01 -3.047746647120536778e+01
-1.859628533883594415e+01 -2.376394029312819356e+01 1.437906618530808487e+02 1.373858465873095724e+01 7.686870752783329408e+01 -3.313144456169141705e+01
-1.832851712559128998e+01 -2.227937496347491830e+01 1.431251726308012735e+02 1.415818801481785449e+01 7.740981437690825828e+01 -3.583677048428265977e+01
-1.805055793688309862e+01 -2.077217489517261129e+01 1.423937059648276033e+02 1.459381577003167152e+01 7.792000526431596086e+01 -3.863752224343768660e+01
-1.776256012248607874e+01 -1.924660793451871399e+01 1.416006354140620545e+02 1.504075087193402283e+01 7.840459464210859153e+01 -4.151550841697655869e+01
-1.746514437293231836e+01 -1.771054360923718107e+01 1.407526464276247111e+02 1.549134477005888755e+01 7.886816428839749449e+01 -4.443697022605972791e+01
-1.715893137875386643e+01 -1.617185144705191746e+01 1.398564244546354018e+02 1.593794891394022528e+01 7.931529598129382919e+01 -4.736814889184761768e+01
-1.684454183048278608e+01 -1.463840097568685650e+01 1.389186549442139267e+02 1.637291475311199207e+01 7.975057149890886876e+01 -5.027528563550065144e+01
-1.652197737484263484e+01 -1.311355112216107166e+01 1.379416712062302395e+02 1.679235463326704192e+01 8.017763338219498337e+01 -5.314075521194213536e+01
-1.618876348332299386e+01 -1.158261841067425202e+01 1.369103979935540849e+02 1.720742448473374964e+01 8.059636722346901649e+01 -5.601146651114689945e+01
-1.584180658360488891e+01 -1.002640876472111131e+01 1.358054079198048498e+02 1.763304113399937023e+01 8.100571937788890864e+01 -5.895046195685274171e+01
-1.547801310336938485e+01 -8.425728107796478739e+00 1.346072735986023190e+02 1.808412140755115516e+01 8.140463620061258609e+01 -6.202078397279735356e+01
-1.509428947029754298e+01 -6.761382363395147976e+00 1.332965676435660498e+02 1.857558213187636653e+01 8.179206404679806042e+01 -6.528547498271848326e+01
-1.468899169227123380e+01 -5.022408613290918922e+00 1.318612495416441561e+02 1.911613022261847661e+01 8.216798018341883392e+01 -6.878463034312970592e+01
-1.426627409797562152e+01 -3.230768572373639458e+00 1.303188262730988356e+02 1.968963295204587993e+01 8.253648552471088351e+01 -7.246655714164812423e+01
-1.383174059629669195e+01 -1.416655113812170352e+00 1.286941916915207003e+02 2.027374768158318119e+01 8.290271189672577634e+01 -7.625661539866673877e+01
-1.339099509612043271e+01 3.897388892246316239e-01 1.270122396505005327e+02 2.084613177265500639e+01 8.327179112551505114e+01 -8.008016513457847907e+01
-1.294964150633282784e+01 2.158220563567904815e+00 1.252978640036289875e+02 2.138444258668596376e+01 8.364885503713033188e+01 -8.386256636977635992e+01
-1.251166702244248619e+01 3.866767738646150310e+00 1.235687607216697188e+02 2.187410029027514469e+01 8.403281316994329586e+01 -8.755022765186062372e+01
-1.207459198644863285e+01 5.526041054277007980e+00 1.218138342440786488e+02 2.233157627071950202e+01 8.439768591160633093e+01 -9.117375163726019593e+01
-1.163432002697303602e+01 7.154871852875698046e+00 1.200147911274843295e+02 2.278110472049050372e+01 8.471127136209197772e+01 -9.478478950961172700e+01
-1.118675477263756868e+01 8.772091476857148962e+00 1.181533379285157679e+02 2.324691983205956802e+01 8.494136762137276264e+01 -9.843499245255127050e+01
-1.072779985206402564e+01 1.039653126863650279e+01 1.162111812038016296e+02 2.375325579789814512e+01 8.505577278942122632e+01 -1.021760116497153490e+02
-1.025442916827718598e+01 1.204209633098468046e+01 1.141749359640313770e+02 2.431682202831177619e+01 8.503212306025366729e+01 -1.060494212320925698e+02
-9.767897721913749720e+00 1.370298680809545289e+01 1.120508510361375016e+02 2.492422880494217452e+01 8.488740700406137307e+01 -1.100564871200792538e+02
-9.270530788013319423e+00 1.536847660451866737e+01 1.098500837011130216e+02 2.555456162726524028e+01 8.464845128507947436e+01 -1.141883981814246738e+02
-8.764653641615572255e+00 1.702783962480387103e+01 1.075837912399511822e+02 2.618690599475675640e+01 8.434208256754300237e+01 -1.184363432838771928e+02
-8.252591557760101892e+00 1.867034977350089875e+01 1.052631309336448737e+02 2.680034740689260175e+01 8.399512751568701674e+01 -1.227915112951859840e+02
-7.735150019143364197e+00 2.028975826640172642e+01 1.028905574085788714e+02 2.738148143860725270e+01 8.362757747049531076e+01 -1.272536230754445654e+02
-7.207055339088801027e+00 2.189772556426831329e+01 1.004337146727030756e+02 2.794694396666999126e+01 8.323208247994615760e+01 -1.318565274541275016e+02
-6.661514038576720864e+00 2.351038943910473122e+01 9.785154407935914378e+01 2.852088094330866852e+01 8.279445726876659251e+01 -1.366426052530536026e+02
-6.091732638587336268e+00 2.514388766291537181e+01 9.510298698188847766e+01 2.912743832075126349e+01 8.230051656168356544e+01 -1.416542372940426162e+02
-5.490917660100956610e+00 2.681435800770430689e+01 9.214698473363274900e+01 2.979076205122561305e+01 8.173607508342406902e+01 -1.469338043989131961e+02
-4.854949408009578526e+00 2.853058270615103709e+01 8.895820582885654915e+01 3.052622883677224408e+01 8.108563251285978879e+01 -1.525103008056461817e+02
-4.190403322852449541e+00 3.027192183363514744e+01 8.557422732551805211e+01 3.131413837868170447e+01 8.032842834544129573e+01 -1.583591744168651303e+02
-3.506528629080495119e+00 3.201037992621169082e+01 8.204835342249828045e+01 3.212602112805724630e+01 7.944238703076382535e+01 -1.644424865513558132e+02
-2.812574551144755741e+00 3.371796151993537194e+01 7.843388831867878253e+01 3.293340753600198667e+01 7.840543301842271262e+01 -1.707222985279028364e+02
-2.117790313496151100e+00 3.536667115086120106e+01 7.478413621294046720e+01 3.370782805361913148e+01 7.719549075801310778e+01 -1.771606716652918294e+02
-1.428937673719204104e+00 3.693461030876902385e+01 7.113595834467579948e+01 3.442840181595347815e+01 7.578580104095357228e+01 -1.837349531807299741e+02
-7.428285219322309230e-01 3.842426829833937774e+01 6.746044411532005824e+01 3.510460269381655962e+01 7.413087002595482033e+01 -1.904836338851155517e+02
-5.378728138714931190e-02 3.984423137797760006e+01 6.371223996682002166e+01 3.575349324196142931e+01 7.218052021355103420e+01 -1.974604904877682543e+02
6.438616246642449026e-01 4.120308580608935500e+01 5.984599234112185684e+01 3.639213601514130403e+01 6.988457410427611194e+01 -2.047192996980089958e+02
1.355793772970032895e+00 4.250941784108000832e+01 5.581634768017234904e+01 3.703759356810923720e+01 6.719285419866423581e+01 -2.123138382251572978e+02
2.086239749887010664e+00 4.376899839816461935e+01 5.158955075116781330e+01 3.770413975909884385e+01 6.406980336044500746e+01 -2.202838495493300286e+02
2.833650180206199742e+00 4.497633701979577836e+01 4.717823962230594503e+01 3.839489366026521111e+01 6.053834590613145394e+01 -2.286129442338258571e+02
3.595030698327345231e+00 4.612312790523576922e+01 4.260665068703391256e+01 3.911018564724397351e+01 5.663602651543189381e+01 -2.372706996127410264e+02
4.367386938650057004e+00 4.720106525374664130e+01 3.789902033879965160e+01 3.985034609567065189e+01 5.240038986805520693e+01 -2.462266930201700745e+02
5.147724535574079496e+00 4.820184326459065716e+01 3.307958497105027362e+01 4.061570538118086660e+01 4.786898064370961237e+01 -2.554505017902091879e+02
5.934860009953519366e+00 4.911162181192939613e+01 2.815174661219392860e+01 4.139475795452368345e+01 4.293743292400338163e+01 -2.649558366138368797e+02
6.734853428460571223e+00 4.989442346952264984e+01 2.303556983047895201e+01 4.212865456690240507e+01 3.693373839814136517e+01 -2.749329416095688430e+02
7.555575744221927792e+00 5.050873648602966881e+01 1.763028482911378347e+01 4.274671004463390034e+01 2.904397815722752085e+01 -2.856161942528047462e+02
8.404897910364176994e+00 5.091304911010968226e+01 1.183512181130764596e+01 4.317823921403494580e+01 1.845423329236687948e+01 -2.972399720189429786e+02
9.290690880014050634e+00 5.106584959042195493e+01 5.549310980268720606e+00 4.335255690142241036e+01 4.350584894662776314e+00 -3.100386523833838055e+02
1.021425329473762211e+01 5.092114456765403929e+01 -1.280351622262156042e+00 4.318354366224644991e+01 -1.381161636378266344e+01 -3.238823176929439001e+02
1.115059454985907550e+01 5.041501425060667430e+01 -8.516806600419045026e+00 4.252334296849060280e+01 -3.549994148688389828e+01 -3.371838697801167655e+02
1.206815172914192225e+01 4.947905724010897188e+01 -1.597542871980320633e+01 4.120866402127180805e+01 -5.991269189755531954e+01 -3.479919153488120855e+02
1.293536191634984789e+01 4.804487213698994452e+01 -2.347159274601719403e+01 3.907621602170684127e+01 -8.624816901871535890e+01 -3.543550611029417041e+02
1.372066219524636743e+01 4.604405754207876811e+01 -3.082067344466224768e+01 3.596270817091279781e+01 -1.137046742732780018e+02 -3.543219137464158734e+02
1.439858530803564740e+01 4.343454017907354370e+01 -3.786394552040459160e+01 3.179769846538421163e+01 -1.413839242070644957e+02 -3.465617241507520134e+02
1.496804663068371255e+01 4.027955926314949409e+01 -4.454628343416391800e+01 2.688214008312802150e+01 -1.680012958575013613e+02 -3.322263198578937136e+02
1.543405719759721961e+01 3.666868213235056828e+01 -5.083846158592483988e+01 2.160983499752832770e+01 -1.921755813849225376e+02 -3.130881725773894573e+02
1.580162804318271519e+01 3.269147612472129794e+01 -5.671125437567081207e+01 1.637458518197008317e+01 -2.125255729496575157e+02 -2.909197540187902291e+02
1.607577020184681871e+01 2.843750857830550061e+01 -6.213543620338633389e+01 1.157019260983734910e+01 -2.276700627120395382e+02 -2.674935358916437167e+02
1.626264987494639414e+01 2.399080610961980042e+01 -6.709209356896542431e+01 7.505653037257971505e+00 -2.366730428359638267e+02 -2.443394901673026709e+02
1.637305393163951450e+01 1.941323244906805101e+01 -7.160356137194483495e+01 4.150737351330668901e+00 -2.403793054995877583e+02 -2.220175898643204562e+02
1.641892440803450270e+01 1.476111060552692678e+01 -7.570248661177089389e+01 1.390410221897742549e+00 -2.400788428846323939e+02 -2.008453082630555002e+02
1.641220334023971006e+01 1.009076358787228678e+01 -7.942151628789082451e+01 -8.903636811990590649e-01 -2.370616471728192494e+02 -1.811401186438625928e+02
1.636483276436348078e+01 5.458514404980804535e+00 -8.279329739975101177e+01 -2.806619688117534928e+00 -2.326177105458700112e+02 -1.632194942870998489e+02
1.628725766734758196e+01 9.130876462256608539e-01 -8.584884098408794273e+01 -4.457639445829211233e+00 -2.278242465059769586e+02 -1.473027383007923277e+02
1.618393483946749356e+01 -3.527185777029860692e+00 -8.861261422679508826e+01 -5.879689868558688914e+00 -2.229073538372176699e+02 -1.332164731036478429e+02
1.605782402183213264e+01 -7.851573372925949812e+00 -9.110744835105586503e+01 -7.093284187344197633e+00 -2.178803526441402596e+02 -1.206891509420417776e+02
1.591188495555042515e+01 -1.204934264960202484e+01 -9.335617458005323499e+01 -8.118935633223729909e+00 -2.127565630312934957e+02 -1.094492240623516608e+02
1.574907738173126326e+01 -1.610976111519825338e+01 -9.538162413697050113e+01 -8.977157437235478099e+00 -2.075493051032252652e+02 -9.922514471095301758e+01
1.557184745807410486e+01 -2.003031470509756673e+01 -9.720592949746884415e+01 -9.689283942102775882e+00 -2.022709355165962393e+02 -8.977266454946749263e+01
1.538058700864046813e+01 -2.384136306365741120e+01 -9.884842814712224879e+01 -1.027993393729031091e+01 -1.969299571365131101e+02 -8.095673290049204240e+01
1.517517427408239072e+01 -2.758148426247870688e+01 -1.003277588239827907e+02 -1.077454732394805603e+01 -1.915339093801943022e+02 -7.266959850186799486e+01
1.495548749505194230e+01 -3.128925637316188357e+01 -1.016625602661024459e+02 -1.119856400322592727e+01 -1.860903316648590078e+02 -6.480351009143775798e+01
1.472140491220115166e+01 -3.500325746730802479e+01 -1.028714712115333612e+02 -1.157742387627391700e+01 -1.806067634077253103e+02 -5.725071640704226184e+01
1.447350593398941498e+01 -3.874574131791190013e+01 -1.039689491772180219e+02 -1.193134429531585106e+01 -1.750966114058428502e+02 -4.993301946684526627e+01
1.421517464010538134e+01 -4.247366450354628853e+01 -1.049527267956612206e+02 -1.225965241687123530e+01 -1.695967519755814692e+02 -4.289043441029487269e+01
1.395049627804507431e+01 -4.612765930417765503e+01 -1.058163554782581031e+02 -1.255645284853341437e+01 -1.641499288131424805e+02 -3.619252965716186310e+01
1.368355609530446948e+01 -4.964835799977311126e+01 -1.065533866364039852e+02 -1.281585019789579150e+01 -1.587988856147261458e+02 -2.990887362721581866e+01
1.341843933937959221e+01 -5.297639287029913646e+01 -1.071573716814940411e+02 -1.303194907255172019e+01 -1.535863660765337215e+02 -2.410903474022745385e+01
1.315822995059777867e+01 -5.606938564561803418e+01 -1.076251601361438475e+02 -1.320066592528070615e+01 -1.485447054466747261e+02 -1.883511258346274175e+01
1.290200664061186409e+01 -5.895291585517246347e+01 -1.079667939678499380e+02 -1.332516458960667549e+01 -1.436646051808959328e+02 -1.401933141417387318e+01
1.264784681390600340e+01 -6.166955247830089348e+01 -1.081956132553293628e+02 -1.341042074423970121e+01 -1.389263582868526896e+02 -9.566446657108476970e+00
1.239382787496439597e+01 -6.426186449434122494e+01 -1.083249580772990015e+02 -1.346141006788983141e+01 -1.343102577722009698e+02 -5.381213737014989285e+00
1.213802722827119140e+01 -6.677242088263186304e+01 -1.083681685124757763e+02 -1.348310823926712132e+01 -1.297965966445959793e+02 -1.368388078641082028e+00
1.187894139498622437e+01 -6.923420355079264255e+01 -1.083369705519741757e+02 -1.348185818589625740e+01 -1.253666755840777540e+02 2.548106633060304382e+00
1.161674336297178378e+01 -7.164184611957126947e+01 -1.082366338364987115e+02 -1.346947183056041197e+01 -1.210058259602214576e+02 6.367673672318797884e+00
1.135202523676583652e+01 -7.398039513799683675e+01 -1.080708139191514761e+02 -1.345912834485738330e+01 -1.167003868149869419e+02 1.007054805315880053e+01
1.108537912090631217e+01 -7.623489715509894893e+01 -1.078431663530345759e+02 -1.346400690038497316e+01 -1.124366971903334189e+02 1.363696478960538627e+01
1.081739711993117226e+01 -7.839039871990671315e+01 -1.075573466912500464e+02 -1.349728666874097449e+01 -1.082010961282207120e+02 1.704715889568297627e+01
1.054852855301798975e+01 -8.043769362274589696e+01 -1.072149979243049103e+02 -1.356551061824795923e+01 -1.039775333065844052e+02 2.029285520293383982e+01
1.027865159790295380e+01 -8.239056461912659302e+01 -1.068097127923258967e+02 -1.364867690412755330e+01 -9.974040094726630912e+01 2.341173781296848944e+01
1.000750164696186495e+01 -8.426854170585556858e+01 -1.063330714728446935e+02 -1.372014747832616521e+01 -9.546170190808393841e+01 2.645298064491524670e+01
9.734814092570562849e+00 -8.609115487973916458e+01 -1.057766541433930456e+02 -1.375328429279018927e+01 -9.111343904685553241e+01 2.946575761790185766e+01
9.460324327104844500e+00 -8.787793413758406302e+01 -1.051320409815025414e+02 -1.372144929946602865e+01 -8.666761522139854890e+01 3.249924265105663324e+01
9.184047714418856145e+00 -8.964048647193268948e+01 -1.043949595848126819e+02 -1.360644567610938438e+01 -8.211041268123523196e+01 3.558389741816593244e+01
8.907119504279936706e+00 -9.135872685827187922e+01 -1.035777272313936095e+02 -1.342384150371315243e+01 -7.748473124270286405e+01 3.867533461165093200e+01
8.630954917933721049e+00 -9.300464726782446689e+01 -1.026968086194231375e+02 -1.319764608907951242e+01 -7.284765011384266131e+01 4.171045467859140388e+01
8.356969176625893780e+00 -9.455023967181310240e+01 -1.017686684470792216e+02 -1.295186873901068125e+01 -6.825624850269653621e+01 4.462615806606672919e+01
8.086577501602079110e+00 -9.596749604146070567e+01 -1.008097714125396891e+02 -1.271051876030883143e+01 -6.376760561730550592e+01 4.735934522115680068e+01
7.821117040882429983e+00 -9.723633920367693406e+01 -9.983253726016555163e+01 -1.249326430979277625e+01 -5.942059119156886027e+01 4.986626363272004880e+01
7.561612649584935397e+00 -9.836841540811960272e+01 -9.883320591905004449e+01 -1.230240894434771803e+01 -5.518123706281488694e+01 5.218054895673144244e+01
7.309011109602105982e+00 -9.938330176013333528e+01 -9.780397236446961529e+01 -1.213591507087549282e+01 -5.099736559423004678e+01 5.435518389094456637e+01
7.064259202826407957e+00 -1.003005753650629401e+02 -9.673703157170058375e+01 -1.199174509627790108e+01 -4.681679914900009010e+01 5.644315113311338905e+01
6.828303711150350175e+00 -1.011398133282530409e+02 -9.562457851601941172e+01 -1.186786142745678241e+01 -4.258736009031146352e+01 5.849743338099151657e+01
6.601653539882126331e+00 -1.019161035319342972e+02 -9.446123788010159217e+01 -1.175962122208574456e+01 -3.827143514928711454e+01 6.055868871564267408e+01
6.383066087992885329e+00 -1.026265769658806306e+02 -9.325135317621985109e+01 -1.165196064092564221e+01 -3.388966852879944014e+01 6.261827675136923688e+01
6.170860877869467132e+00 -1.032638753967520273e+02 -9.200169762404587459e+01 -1.152721059550912841e+01 -2.947726879965733460e+01 6.465523248578378457e+01
5.963357431898749894e+00 -1.038206405912083596e+02 -9.071904444325161876e+01 -1.136770199736886688e+01 -2.506944453267040984e+01 6.664859091649850598e+01
5.758875272467570916e+00 -1.042895143159094715e+02 -8.941016685350875548e+01 -1.115576575803748938e+01 -2.070140429864751752e+01 6.857738704112588835e+01
5.555807695611153285e+00 -1.046643185498495825e+02 -8.807801114101032169e+01 -1.088139932906342011e+01 -1.639199301158312494e+01 7.042836291527682135e+01
5.352843091958065180e+00 -1.049435961213602155e+02 -8.671021585803342191e+01 -1.056526632205800453e+01 -1.209460095821019898e+01 7.221908882655716866e+01
5.148743625785251687e+00 -1.051270700711069992e+02 -8.529059262337641201e+01 -1.023569688864837168e+01 -7.746254768447313310e+00 7.397484212057104003e+01
4.942271461369627694e+00 -1.052144634397557894e+02 -8.380295305583753418e+01 -9.921021180461615074e+00 -3.283981072212262209e+00 7.572090014292297155e+01
4.732188762988138286e+00 -1.052054992679722858e+02 -8.223110877421514431e+01 -9.649569349124863749e+00 1.355193500576369336e+00 7.748254023921714406e+01
4.518347041647814422e+00 -1.051001095475837559e+02 -8.056613161960794400e+01 -9.438665716529435201e+00 6.213122422666219613e+00 7.927563954584354633e+01
4.304955195276178870e+00 -1.048990620750631564e+02 -7.882813432231692730e+01 -9.261611285623560619e+00 1.124717957746572061e+01 8.107847436233367944e+01
4.097311468530842049e+00 -1.046033335980450261e+02 -7.704448983494334868e+01 -9.080701229619673853e+00 1.639361895104958222e+01 8.285992077900495190e+01
3.900714106069443243e+00 -1.042139008641638753e+02 -7.524257111008880372e+01 -8.858230721730240731e+00 2.158869452949162593e+01 8.458885488617438853e+01
3.720461352549590206e+00 -1.037317406210541435e+02 -7.344975110035450427e+01 -8.556494935167677340e+00 2.676866029886657827e+01 8.623415277415934099e+01
3.560289132602653783e+00 -1.031570175057663192e+02 -7.168609511666691958e+01 -8.149991634309440514e+00 3.188787759388063847e+01 8.777242943904464312e+01
3.417684090754895099e+00 -1.024866477130143352e+02 -6.994243790325191412e+01 -7.662028948192841860e+00 3.697313714377041549e+01 8.921125549998629367e+01
3.288570551506332151e+00 -1.017167353269281875e+02 -6.820230656266053870e+01 -7.128117597020250606e+00 4.206933702640402828e+01 9.056594048190783042e+01
3.168872839356965176e+00 -1.008433844316378014e+02 -6.644922819744361675e+01 -6.583768300993975586e+00 4.722137531965023527e+01 9.185179390973294744e+01
3.054515278806793965e+00 -9.986269911127304511e+01 -6.466672991015198591e+01 -6.064491780316319414e+00 5.247415010137782332e+01 9.308412530838533883e+01
2.942441120387611075e+00 -9.877223907915455925e+01 -6.284287739609847989e+01 -5.596587860427443495e+00 5.786356211089298540e+01 9.427496659726190842e+01
2.833669318758291755e+00 -9.757538656536513599e+01 -6.098389072164271596e+01 -5.169512787718566038e+00 6.338952273325519826e+01 9.542323927365310965e+01
2.730237754609506684e+00 -9.627697942917845353e+01 -5.910052854590639981e+01 -4.763511913818769372e+00 6.904294601496111738e+01 9.652458722932257729e+01
2.634184308631909222e+00 -9.488185552986793425e+01 -5.720354952801091031e+01 -4.358830590357063883e+00 7.481474600250835749e+01 9.757465435603417347e+01
2.547546861516169159e+00 -9.339485272670719951e+01 -5.530371232707797446e+01 -3.935714168962532788e+00 8.069583674239353854e+01 9.856908454555147614e+01
2.472234095492585659e+00 -9.181417492794126645e+01 -5.340652147049271292e+01 -3.474842946557438417e+00 8.669469972826998116e+01 9.950174758670873132e+01
2.409637898950053980e+00 -9.011149023770170174e+01 -5.149646495869566110e+01 -2.958637001237142794e+00 9.289008624241265011e+01 1.003594168566213938e+02
2.361020961817104968e+00 -8.825183280909148209e+01 -4.955277666039079776e+01 -2.369951356390179065e+00 9.937831501425331737e+01 1.011270916294756006e+02
2.327645974022277908e+00 -8.620023679521381155e+01 -4.755469044428242142e+01 -1.691641035405177407e+00 1.062557047732226039e+02 1.017897711794572331e+02
2.310775625494103647e+00 -8.392173634917156733e+01 -4.548144017907448244e+01 -9.065610616706545333e-01 1.136185742487522816e+02 1.023324547807523430e+02
2.311445928126980132e+00 -8.139364615101327161e+01 -4.332192233234759726e+01 -4.354749989692156126e-03 1.215363104559384340e+02 1.027380517872515924e+02
2.329786181678747514e+00 -7.864240298856805111e+01 -4.110368376718719929e+01 9.981814191770436162e-01 1.299705735525403725e+02 1.029811118716645808e+02
2.365699007873101944e+00 -7.570672417661074860e+01 -3.886393394555535963e+01 2.077462673954283634e+00 1.388560919819814501e+02 1.030340947864054897e+02
2.419087028433749342e+00 -7.262532702991575206e+01 -3.663988232941382250e+01 3.209904242466943725e+00 1.481275941876866398e+02 1.028694602838886425e+02
2.489852865084383637e+00 -6.943692886325789004e+01 -3.446873838072466611e+01 4.371921352839742703e+00 1.577198086130791808e+02 1.024596681165283059e+02
2.578536968411006214e+00 -6.616710592370506561e+01 -3.238001433466410361e+01 5.547913478786517416e+00 1.675781723128022804e+02 1.017715578279331226e+02
2.688231104448784325e+00 -6.278887018749990290e+01 -3.037243351926662527e+01 6.754217076376543893e+00 1.776909567863699522e+02 1.007494881264894531e+02
2.822664868095198898e+00 -5.926209256317805796e+01 -2.843702203578089183e+01 8.015152847268224079e+00 1.880571421445163480e+02 9.933219751177800561e+01
2.985567854247709096e+00 -5.554664395927576948e+01 -2.656480598545587668e+01 9.355041493119740537e+00 1.986757084979737158e+02 9.745842448337965891e+01
3.180669657803800288e+00 -5.160239528432861533e+01 -2.474681146954022282e+01 1.079820371558950853e+01 2.095456359574761223e+02 9.506690754087497908e+01
3.411290795857382818e+00 -4.739603027511539324e+01 -2.297673458800048962e+01 1.238146848036011960e+01 2.207614929628354332e+02 9.205928847040539154e+01
3.679115474288242371e+00 -4.292148398138421328e+01 -2.125895143567317902e+01 1.419169780921216173e+01 2.328002012701840044e+02 8.818882220435347108e+01
3.985418821172576287e+00 -3.817950428112642669e+01 -1.960050810611270222e+01 1.632826198795034500e+01 2.462342709647316212e+02 8.317166696166279394e+01
4.331475964586617877e+00 -3.317083905233285890e+01 -1.800845069287321820e+01 1.889053130237960332e+01 2.616362121316897742e+02 7.672398096127658107e+01
4.718562032606605783e+00 -2.789623617299424296e+01 -1.648982528950891435e+01 2.197787603830495584e+01 2.795785348562702097e+02 6.856192242213764132e+01
5.151987372702575563e+00 -2.234780341232871237e+01 -1.507690953986951676e+01 2.564626589881162033e+01 3.001045622760315723e+02 5.827653815287378336e+01
5.653203209920024896e+00 -1.648308810446014405e+01 -1.390290728898594175e+01 2.977806825610787556e+01 3.211408697379325190e+02 4.495842932084609345e+01
6.247695988698215075e+00 -1.025099747474010847e+01 -1.312625393218467273e+01 3.421224989968193597e+01 3.400848456412773544e+02 2.757308568310156716e+01
6.960952153476507753e+00 -3.600438748519096066e+00 -1.290538486479203684e+01 3.878777761902277632e+01 3.543338783853737937e+02 5.085996996684429838e+00
7.818458148694143794e+00 3.519680848851249433e+00 -1.339873548213443399e+01 4.334361820361856843e+01 3.612853563695269941e+02 -2.353734698135751202e+01
8.833415006799997471e+00 1.110148326446277167e+01 -1.471762603499624511e+01 4.769875578028783991e+01 3.590665712273684562e+02 -5.853452088726155722e+01
9.969882112280741282e+00 1.890120713517504925e+01 -1.678491619599344986e+01 5.159224382516657670e+01 3.487244275298290290e+02 -9.695535693038161185e+01
1.117963343763273798e+01 2.661612027029128313e+01 -1.947635049320027534e+01 5.474315315172108143e+01 3.320357330821639152e+02 -1.350527517133586173e+02
1.241444295535213449e+01 3.394349047911330786e+01 -2.266767345469053296e+01 5.687055457341701015e+01 3.107772956896300798e+02 -1.690796018388268180e+02
1.362608463793529445e+01 4.058058557094427243e+01 -2.623462960853854042e+01 5.769351890372045233e+01 2.867259231574815885e+02 -1.952888039094266617e+02
1.477540441649213676e+01 4.630022892554926273e+01 -3.006228466283159761e+01 5.704397274219901703e+01 2.614983187037430525e+02 -2.109737996336444041e+02
1.585953605658786003e+01 5.117746620454713735e+01 -3.407298904571185005e+01 5.520526583282710220e+01 2.360707671975019935e+02 -2.175902111433735513e+02
1.688468528240122524e+01 5.536289864001891914e+01 -3.819841436533430823e+01 5.257360370568099484e+01 2.112594489206170181e+02 -2.176342056763564869e+02
1.785705781811120119e+01 5.900712746404651199e+01 -4.237023222985473581e+01 4.954519189083670483e+01 1.878805441549425268e+02 -2.136019504703365328e+02
1.878285938789655063e+01 6.226075390871105952e+01 -4.652011424742811840e+01 4.651623591837061156e+01 1.667502331823370127e+02 -2.079896127630568685e+02
1.966707521268518377e+01 6.524909255863086344e+01 -5.059000690028771174e+01 4.380615310021849496e+01 1.484630815745745736e+02 -2.028341476462086064e+02
2.050980850040066272e+01 6.799631140856963896e+01 -5.456295616697605766e+01 4.142720787575597541e+01 1.327271960631106253e+02 -1.983356616272770339e+02
2.130994195571567573e+01 7.050129180582817412e+01 -5.843228290011395387e+01 3.931487646621809517e+01 1.190290686693172404e+02 -1.942350490676951438e+02
2.206635828330276539e+01 7.276291509770670984e+01 -6.219130795232147335e+01 3.740463509284028731e+01 1.068551914145689636e+02 -1.902732043288965826e+02
2.277794018783459862e+01 7.478006263150595601e+01 -6.583335217621939250e+01 3.563195997685763672e+01 9.569205632023805208e+01 -1.861910217723143148e+02
2.344511349706646897e+01 7.655521023337831821e+01 -6.935764797881297739e+01 3.393957669930455978e+01 8.510481159563359199e+01 -1.817802091031687439e+02
2.407447653108476260e+01 7.810521164488480395e+01 -7.278707398464894140e+01 3.229920828041130676e+01 7.497323020180151332e+01 -1.770357274018262785e+02
2.467417073305848518e+01 7.945051508643814486e+01 -7.615042037265853025e+01 3.068982710020739191e+01 6.525574128772431948e+01 -1.720033510924408233e+02
2.525233754615673121e+01 8.061156877845131419e+01 -7.947647732177347280e+01 2.909040553872215540e+01 5.591077400238316386e+01 -1.667288545991657145e+02
2.581711841354859516e+01 8.160882094133725673e+01 -8.279403501092545525e+01 2.747991597598492319e+01 4.689675749475924960e+01 -1.612580123461541177e+02
2.637360697669490861e+01 8.245921087926302562e+01 -8.611875078100869985e+01 2.584458958934605732e+01 3.819013502360293444e+01 -1.556425760930493141e+02
2.691470567022384941e+01 8.316564223141286050e+01 -8.941375062076971858e+01 2.419969274543889881e+01 2.983940628673489215e+01 -1.499582069414503565e+02
2.743026912705530762e+01 8.372750972072506670e+01 -9.262902768091738892e+01 2.256775060821790291e+01 2.191108509174526731e+01 -1.442865433284466121e+02
2.791015198010928344e+01 8.414420807013810588e+01 -9.571457511216115677e+01 2.097128834163724065e+01 1.447168524622276387e+01 -1.387092236911264251e+02
2.834420886230567405e+01 8.441513200259036864e+01 -9.862038606520992801e+01 1.943283110965136729e+01 7.587720557757445583e+00 -1.333078864665791059e+02
2.872546918186997900e+01 8.454156679054790402e+01 -1.013104237138910833e+02 1.797091893083155156e+01 1.295113360215324860e+00 -1.281390760984244537e+02
2.905966144824968467e+01 8.453235990458730953e+01 -1.038045313245032872e+02 1.658815124221775505e+01 -4.492579907427556307e+00 -1.231589610564088133e+02
2.935568894619788338e+01 8.439824936481295481e+01 -1.061365221864636936e+02 1.528314233546680789e+01 -9.892394279919018985e+00 -1.182986158168092743e+02
2.962245496046759641e+01 8.414997319132912423e+01 -1.083402095891890013e+02 1.405450650223575870e+01 -1.502136479200587971e+01 -1.134891148559036083e+02
2.986886277581189120e+01 8.379826940424008797e+01 -1.104494068220962646e+02 1.290085803418143229e+01 -1.999652647843589648e+01 -1.086615326499687626e+02
3.010191976153010884e+01 8.335199394684060792e+01 -1.124906292361583979e+02 1.181530535096886858e+01 -2.491267928310649182e+01 -1.037603197947117053e+02
3.032104962510686263e+01 8.281247445518690142e+01 -1.144612004285733065e+02 1.076893338429485425e+01 -2.977568278651819966e+01 -9.878343136355483978e+01
3.052378015857301463e+01 8.217915648852573440e+01 -1.163511460580946988e+02 9.727321193864355564e+00 -3.456916147832124153e+01 -9.374219854935050478e+01
3.070763915395950150e+01 8.145148560610368804e+01 -1.181504917834766673e+02 8.656047839382157605e+00 -3.927673984816669872e+01 -8.864795254495022903e+01
3.087015440329719240e+01 8.062890736716754247e+01 -1.198492632634729205e+02 7.520692380553232859e+00 -4.388204238570480697e+01 -8.351202454320637969e+01
3.100919649711713078e+01 7.971248625833867152e+01 -1.214395483605241566e+02 6.300484271644821277e+00 -4.837009652572933760e+01 -7.834491040826374331e+01
3.112400721995085462e+01 7.870976247573750584e+01 -1.229216837518171843e+02 5.029254545174235425e+00 -5.273154148360397642e+01 -7.315376468944147348e+01
3.121417115483006555e+01 7.762989514285921189e+01 -1.242980683182258588e+02 3.754484628221041120e+00 -5.695841941983596257e+01 -6.794490660735110055e+01
3.127927288478644030e+01 7.648204338319902718e+01 -1.255711009406237082e+02 2.523655947865019122e+00 -6.104277249493171809e+01 -6.272465538260512119e+01
3.131889699285166628e+01 7.527536632025201868e+01 -1.267431804998844598e+02 1.384249931185736582e+00 -6.497664286939840395e+01 -5.749933023581505154e+01
3.133278711214409284e+01 7.401428015847473318e+01 -1.278159328214408532e+02 3.645606654890708453e-01 -6.876065970929772675e+01 -5.226508737929680137e+01
3.132132307612869226e+01 7.268422942616831506e+01 -1.287878915089625593e+02 -5.838671210148800306e-01 -7.242980020291292931e+01 -4.697743099217901630e+01
3.128504376835712009e+01 7.126591573259538848e+01 -1.296568171106781904e+02 -1.528676039889736105e+00 -7.602762854408186399e+01 -4.158170224529468584e+01
3.122448807238102830e+01 6.974004068701844972e+01 -1.304204701748165576e+02 -2.537508702699244001e+00 -7.959770892664285213e+01 -3.602324230947614581e+01
3.114019487175204404e+01 6.808730589869996663e+01 -1.310766112496064011e+02 -3.678007721007160669e+00 -8.318360554443415822e+01 -3.024739235555563610e+01
3.103264518501772784e+01 6.629558935495819583e+01 -1.316226301559101444e+02 -4.997003019952386715e+00 -8.681538853962800317e+01 -2.421545156044690472e+01
3.090208857070918924e+01 6.438147455533378150e+01 -1.320544338051248872e+02 -6.458073778975220947e+00 -9.046915184773428109e+01 -1.795255112538538000e+01
3.074871672235348186e+01 6.236872137742325606e+01 -1.323675583812815546e+02 -8.003986491091012567e+00 -9.410749535259665777e+01 -1.149978025768825951e+01
3.057272133347761667e+01 6.028108969882288193e+01 -1.325575400684110150e+02 -9.577507649315375460e+00 -9.769301893805946690e+01 -4.898228164671627916e+00
3.037429409760862953e+01 5.814233939712922705e+01 -1.326199150505440798e+02 -1.112140374666364906e+01 -1.011883224879663032e+02 1.811015946347277916e+00
3.015362670827354563e+01 5.597623034993852542e+01 -1.325502195117116742e+02 -1.257844127615144814e+01 -1.045560058861614579e+02 8.586862868052405062e+00
2.991091085899941504e+01 5.380652243484736630e+01 -1.323439896359446379e+02 -1.389138673079412101e+01 -1.077586690164886107e+02 1.538822339312650378e+01
2.964633824331324163e+01 5.165697552945196236e+01 -1.319967616072738110e+02 -1.500300660360726468e+01 -1.107589117627920103e+02 2.217400831425352337e+01
2.936010055474206837e+01 4.955134951134888865e+01 -1.315040716097300617e+02 -1.585606738760625056e+01 -1.135193340089153082e+02 2.890312842411620764e+01
2.905238948681290978e+01 4.751340425813439339e+01 -1.308614558273442299e+02 -1.639333557580663836e+01 -1.160025356387027671e+02 3.553449451539850656e+01
