1.904630064964294434e+00 3.543035984039306641e+00 -1.922241687774658203e+00 9.430731082486019101e-01 2.865571487711638721e+00 -9.013455362166408191e-01
2.028069257736206055e+00 3.819221735000610352e+00 -2.008204460144042969e+00 1.275909175783277671e+00 3.021459594749354327e+00 -9.323914149861820544e-01
2.127510070800781250e+00 4.074386596679687500e+00 -2.075054407119750977e+00 1.534827249417147099e+00 3.160895476758457168e+00 -7.748074463412129020e-01
2.250694036483764648e+00 4.394480705261230469e+00 -2.158694267272949219e+00 1.318427952293564687e+00 3.199592841242566266e+00 -1.037697924977857955e+00
2.368387699127197266e+00 4.730333328247070312e+00 -2.210731267929077148e+00 1.510984067553770682e+00 4.152470769370212089e+00 -6.928541988963677900e-01
2.462448120117187500e+00 5.123110771179199219e+00 -2.272396326065063477e+00 1.724952921508783987e+00 4.117044792330206704e+00 -5.342206598037557708e-01
2.576929330825805664e+00 5.591320037841796875e+00 -2.315811872482299805e+00 9.496612483774984348e-01 4.563369978292075579e+00 -2.017539783332368830e-01
2.719799757003784180e+00 6.158130645751953125e+00 -2.371676206588745117e+00 1.092350655593592235e+00 5.647317993693353522e+00 -5.447355665217276099e-01
2.870877742767333984e+00 6.713126182556152344e+00 -2.408871412277221680e+00 1.813426402073629262e+00 6.394576753634748201e+00 -5.977917832721669766e-01
3.013167142868041992e+00 7.374870777130126953e+00 -2.454625606536865234e+00 1.806211377029398824e+00 7.115271293868469016e+00 -7.972230716659440830e-01
3.173901319503784180e+00 8.126461982727050781e+00 -2.536335706710815430e+00 1.249098948648736940e+00 8.310025066230195989e+00 -9.954585097765394908e-01
3.360831260681152344e+00 9.053789138793945312e+00 -2.640501260757446289e+00 1.876514497760421563e+00 8.953085950038989438e+00 -1.259392758018028635e+00
3.563444852828979492e+00 1.002880382537841797e+01 -2.798697471618652344e+00 2.339311853671202535e+00 1.042324815274330696e+01 -2.135752555549350618e+00
3.787793636322021484e+00 1.111929130554199219e+01 -3.017277956008911133e+00 2.259840345434072084e+00 1.193215303551464679e+01 -2.614514110687305326e+00
4.014873504638671875e+00 1.239082241058349609e+01 -3.322715759277343750e+00 2.865987889929133559e+00 1.426921482993554768e+01 -4.019398144880854673e+00
4.324074268341064453e+00 1.403340530395507812e+01 -3.889891624450683594e+00 3.513517078031678675e+00 1.654798483638034767e+01 -6.761059335295736439e+00
4.694478034973144531e+00 1.577431106567382812e+01 -4.737304687500000000e+00 4.002248574201546560e+00 1.849204717098623618e+01 -1.131983040030082677e+01
5.210273265838623047e+00 1.768239593505859375e+01 -6.215391159057617188e+00 5.411388965129842354e+00 1.936503211114696654e+01 -1.984282917867990648e+01
5.753499507904052734e+00 1.931036186218261719e+01 -8.611419677734375000e+00 5.839085906326939579e+00 1.340041646381575724e+01 -2.839880475068480337e+01
6.381391048431396484e+00 2.029417419433593750e+01 -1.179695987701416016e+01 5.086690104794146627e+00 4.797605124575734514e+00 -2.947138461528801301e+01
6.836832523345947266e+00 2.060871696472167969e+01 -1.450768566131591797e+01 3.808617296946048114e+00 1.416986270898055400e+00 -2.576646900598468903e+01
7.189267158508300781e+00 2.060387229919433594e+01 -1.675097846984863281e+01 2.331312502088895400e+00 -8.575385663870240815e-01 -2.060007324014376806e+01
7.493019104003906250e+00 2.047454071044921875e+01 -1.857551765441894531e+01 2.505534888213460931e+00 -1.636044412198618181e+00 -1.727724297001962483e+01
7.790235519409179688e+00 2.023557662963867188e+01 -2.021147727966308594e+01 2.808004862825065118e+00 -2.483085690914506038e+00 -1.363318970856160561e+01
8.005894660949707031e+00 1.999472808837890625e+01 -2.145901298522949219e+01 1.906664860985518350e+00 -2.263165757135785494e+00 -1.148621947612814687e+01
8.160126686096191406e+00 1.972644042968750000e+01 -2.250295257568359375e+01 1.130786278631236597e+00 -2.542546011143425932e+00 -9.751159026716946343e+00
8.302167892456054688e+00 1.944084739685058594e+01 -2.339265632629394531e+01 1.220515932999033160e+00 -2.470380547156381557e+00 -8.894190978286408367e+00
8.446879386901855469e+00 1.919338989257812500e+01 -2.418028450012207031e+01 1.344382061955048835e+00 -2.388806659811796074e+00 -7.513075085285852772e+00
8.597186088562011719e+00 1.891856956481933594e+01 -2.493802070617675781e+01 1.236948076909178296e+00 -2.260928361872386994e+00 -6.416213511863398722e+00
8.718379974365234375e+00 1.869367790222167969e+01 -2.555757141113281250e+01 1.378548851190956270e+00 -2.440565364478335830e+00 -5.827910743197406873e+00
8.849775314331054688e+00 1.845969963073730469e+01 -2.612619590759277344e+01 1.341993457053558991e+00 -1.794082078367308153e+00 -5.447869818448179302e+00
8.979132652282714844e+00 1.822089958190917969e+01 -2.665755462646484375e+01 1.485425087902747077e+00 -1.903651125379551390e+00 -5.414878615437294762e+00
9.062843322753906250e+00 1.793409156799316406e+01 -2.721585083007812500e+01 8.734391125565116321e-01 -2.675588841814883434e+00 -5.344723647872390515e+00
9.177009582519531250e+00 1.768147277832031250e+01 -2.769289588928222656e+01 1.130203109688024066e+00 -2.395621547002830365e+00 -4.619781076078882442e+00
9.264953613281250000e+00 1.739167976379394531e+01 -2.816268730163574219e+01 6.689331642419735768e-01 -2.885703180864838124e+00 -4.895116730427663931e+00
9.359516143798828125e+00 1.706661796569824219e+01 -2.858927345275878906e+01 5.827824257225172611e-01 -3.374744119421183353e+00 -4.145272387665107416e+00
9.423083305358886719e+00 1.667049598693847656e+01 -2.901345825195312500e+01 3.056588209407703483e-01 -3.644761473280061281e+00 -3.724250874516870091e+00
9.495739936828613281e+00 1.631151962280273438e+01 -2.934973907470703125e+01 4.475602663834877815e-01 -3.631014014837422810e+00 -3.352089213125963418e+00
9.561210632324218750e+00 1.595763683319091797e+01 -2.965000152587890625e+01 1.158052374090999592e+00 -3.567297787650721030e+00 -2.922986949888307873e+00
9.625747680664062500e+00 1.560073757171630859e+01 -2.991541481018066406e+01 3.382530700481304886e-01 -2.916276471224923394e+00 -2.226698200502220892e+00
9.673936843872070312e+00 1.520978355407714844e+01 -3.014475059509277344e+01 5.677560140175779146e-01 -3.290808763969923501e+00 -1.990947976008483167e+00
9.732896804809570312e+00 1.486375522613525391e+01 -3.031667327880859375e+01 5.213611215350942851e-01 -3.143446620818595161e+00 -1.673577931258365181e+00
9.761981964111328125e+00 1.454143142700195312e+01 -3.046455574035644531e+01 3.232638898212502609e-01 -3.017814406075538525e+00 -1.332243433717508863e+00
9.806367874145507812e+00 1.420077514648437500e+01 -3.056406784057617188e+01 5.823032885482476440e-01 -3.566776546153668015e+00 -4.533347893679825491e-01
9.837603569030761719e+00 1.387343788146972656e+01 -3.058604431152343750e+01 -5.376654915107680344e-01 -3.336795975923534829e+00 1.915834058458470990e-01
9.859173774719238281e+00 1.358786201477050781e+01 -3.053505897521972656e+01 1.800145523645588774e-01 -2.456117040021290165e+00 1.193556856339669459e+00
9.884911537170410156e+00 1.336027145385742188e+01 -3.035763359069824219e+01 5.578486470411940790e-01 -1.911685082369265265e+00 2.537972398703288501e+00
9.881772994995117188e+00 1.325059127807617188e+01 -2.997681617736816406e+01 6.109990023040673401e-01 8.017641819636545097e-02 5.027133312929846554e+00
9.878646850585937500e+00 1.362195777893066406e+01 -2.927159500122070312e+01 -3.596517180230966448e-01 6.319774758186737174e+00 7.002682903741665577e+00
1.002621364593505859e+01 1.475679683685302734e+01 -2.879946708679199219e+01 1.589559052515075122e+00 1.492345992174646163e+01 1.961135571288791901e+00
1.027490806579589844e+01 1.616644287109375000e+01 -2.894982910156250000e+01 3.017187355597638287e+00 1.276906330773063303e+01 -3.946491980981902792e+00
1.050609779357910156e+01 1.718254852294921875e+01 -2.946503448486328125e+01 2.598878675925302861e+00 7.591882558076314069e+00 -5.699319696834635351e+00
1.069836235046386719e+01 1.778587532043457031e+01 -3.009690475463867188e+01 1.591707309645183255e+00 4.350956538715368360e+00 -6.641735776764343235e+00
1.090022277832031250e+01 1.808952903747558594e+01 -3.082677268981933594e+01 2.195385833810941101e+00 2.014440801439288276e+00 -6.586432942721584638e+00
1.105844688415527344e+01 1.821870040893554688e+01 -3.149973106384277344e+01 1.545240227971495850e+00 8.410055025616290925e-01 -6.649493930392744723e+00
1.118671703338623047e+01 1.820948410034179688e+01 -3.217091369628906250e+01 1.170238807133132664e+00 -8.826628378046492696e-01 -6.635999010676751908e+00
1.136495399475097656e+01 1.806485939025878906e+01 -3.283130645751953125e+01 1.482298071913596527e+00 -8.293585721293988966e-01 -7.043454800977424490e+00
1.146663093566894531e+01 1.786274337768554688e+01 -3.355352401733398438e+01 1.228741116482649831e+00 -2.761193708024261895e+00 -5.992061122340477830e+00
1.159857940673828125e+01 1.760158157348632812e+01 -3.414528656005859375e+01 1.180863848111110226e+00 -1.912651306604237877e+00 -5.962136666189509882e+00
1.171303749084472656e+01 1.732651138305664062e+01 -3.470876693725585938e+01 1.604615619674426785e+00 -3.008211105003632646e+00 -6.010782612238132927e+00
1.180163764953613281e+01 1.707523536682128906e+01 -3.526760101318359375e+01 6.109575233465359689e-01 -3.189356345951384064e+00 -5.464372955095718076e+00
1.188350105285644531e+01 1.671962928771972656e+01 -3.588286209106445312e+01 1.301821453658409622e+00 -3.204459733308925085e+00 -5.704155561649823625e+00
1.204177474975585938e+01 1.644410133361816406e+01 -3.647493743896484375e+01 1.044663206032258707e+00 -2.212175879054718131e+00 -5.808192430324022659e+00
1.211325454711914062e+01 1.613670349121093750e+01 -3.704565048217773438e+01 5.075493257698261429e-01 -2.443888370612948169e+00 -5.698686485206562402e+00
1.218153381347656250e+01 1.578024005889892578e+01 -3.759091186523437500e+01 1.841729960957115386e+00 -4.490273363835068032e+00 -5.809911946886153977e+00
1.233750057220458984e+01 1.534388256072998047e+01 -3.816403579711914062e+01 1.523780922351201550e+00 -3.935244036048062721e+00 -5.300561353788860508e+00
1.234911251068115234e+01 1.494886970520019531e+01 -3.872197341918945312e+01 -2.093591577066744869e-01 -6.190466369319526763e+00 -5.777566962781449433e+00
1.247026443481445312e+01 1.435335731506347656e+01 -3.927471923828125000e+01 4.773434924791373213e-01 -5.799528641793251005e+00 -5.320349935628654769e+00
1.247874450683593750e+01 1.363329696655273438e+01 -3.969206237792968750e+01 -4.011317256458438174e-01 -9.543779754855870934e+00 -2.823998576408611960e+00
1.247662067413330078e+01 1.270464992523193359e+01 -3.955738449096679688e+01 -7.229321628721225856e-01 -5.117843715629381229e+00 3.921552312823854081e+00
1.237428855895996094e+01 1.237429428100585938e+01 -3.922912597656250000e+01 -9.067641868091648183e-01 -2.416200224597228718e+00 1.972479418805589413e+00
1.246832752227783203e+01 1.217106246948242188e+01 -3.922079086303710938e+01 2.546385150105575867e+00 -8.787731950726642705e-01 -2.005543835359516081e+00
1.258808898925781250e+01 1.221443843841552734e+01 -3.952556228637695312e+01 4.319768662072204224e-01 6.555892160371444566e-02 -4.135562211711898861e+00
1.262760066986083984e+01 1.218182182312011719e+01 -4.006342697143554688e+01 1.725924667471358642e+00 -7.161750858665413277e-01 -5.850977908268594874e+00
1.280966472625732422e+01 1.217280673980712891e+01 -4.066284561157226562e+01 2.329801823798262728e+00 4.437845370366495512e-01 -7.020314365996151551e+00
1.298435497283935547e+01 1.231110000610351562e+01 -4.135625839233398438e+01 6.352430119852831014e-01 4.979317037222362186e-01 -6.971276619415483822e+00
1.305225658416748047e+01 1.224708557128906250e+01 -4.204814529418945312e+01 1.575071365990090122e+00 -1.860981864190276891e+00 -6.995729496751601495e+00
1.328844261169433594e+01 1.217343139648437500e+01 -4.271764373779296875e+01 1.806656733042993013e+00 7.370616416118982439e-01 -6.689509404076480870e+00
1.340391921997070312e+01 1.216026306152343750e+01 -4.343219757080078125e+01 9.213822346736626479e-01 -1.177737834923742399e+00 -6.389858299913300677e+00
1.353644466400146484e+01 1.204310321807861328e+01 -4.402553176879882812e+01 9.475853344298601488e-01 -8.082725591049547686e-01 -6.079656680329517116e+00
