2.821865354222140354e+01 3.101492723738115274e+02 8.997975894323644752e+01 7.408799685969160720e+00 -3.502620821977830445e+01 -7.004661212002039861e+01
2.890897945351957432e+01 3.065011943737316074e+02 8.309307577134430289e+01 7.029372967351221746e+00 -4.029321255182637884e+01 -7.151201256267118822e+01
2.951765736636744109e+01 3.023603302937620469e+02 7.604125236736879856e+01 6.556844430393163670e+00 -4.512256657686379668e+01 -7.266665042763257532e+01
3.018236952104382809e+01 2.971713765475683999e+02 6.811333557933876648e+01 5.739975399365615516e+00 -5.138942158915258318e+01 -7.441700621851219921e+01
3.072661194035267584e+01 2.918597484411819778e+02 6.079458397074807152e+01 5.506217350311335856e+00 -5.735316788182244352e+01 -7.558290052427153682e+01
3.123176349567526344e+01 2.859532200202429522e+02 5.338030737146626592e+01 4.292401909735342080e+00 -6.327106966004983235e+01 -7.731381596081595831e+01
3.162315346730143517e+01 2.794617837271819667e+02 4.582148102700902115e+01 3.604633730315824014e+00 -6.932514675086362388e+01 -7.791015220634875504e+01
3.199855496075471351e+01 2.715445368562432122e+02 3.734296656579581253e+01 3.101068560995702494e+00 -7.751744736217253262e+01 -7.916017751059895602e+01
3.222681320976135311e+01 2.636699790957924279e+02 2.956534205407228200e+01 2.102615808681107534e+00 -8.451384898425845904e+01 -7.987129746486692738e+01
3.239084691818088402e+01 2.549800674430145477e+02 2.168708457881316676e+01 7.611301532383091262e-01 -9.205978853401303752e+01 -8.099306916630297337e+01
3.244371534216265474e+01 2.455546466945925204e+02 1.375348441403936484e+01 2.819138928641844455e-01 -1.010536926002234992e+02 -8.170938514613054338e+01
3.240480769390389781e+01 2.341708635021086877e+02 4.981506502821604343e+00 -9.745507852993757769e-01 -1.114436665287750117e+02 -8.192066454935434194e+01
3.223647425516290355e+01 2.228456306446520898e+02 -3.027191582617355881e+00 -2.778334153356380121e+00 -1.211087796456261003e+02 -8.224579316182051514e+01
3.192283846293436156e+01 2.104625236360813005e+02 -1.100804931430646150e+01 -4.258228265851029981e+00 -1.329067272235035091e+02 -8.148544956200909439e+01
3.142733020754523920e+01 1.969519462592551804e+02 -1.893318920104588088e+01 -5.688333476792988286e+00 -1.445098230592346908e+02 -8.097634361156721639e+01
3.065990665234016888e+01 1.806072229787320680e+02 -2.749984648097922957e+01 -8.769341615910294152e+00 -1.601721422830601966e+02 -7.832156664615588681e+01
2.973591282760105869e+01 1.641668446845027063e+02 -3.503946961941674232e+01 -1.091848161812187001e+01 -1.761099121047633389e+02 -7.496999905996736402e+01
2.846815068479159194e+01 1.460574174514524657e+02 -4.212723605585672004e+01 -1.477669491119743839e+01 -1.949498328195864758e+02 -7.021217786256148941e+01
2.687698220600508137e+01 1.259420264127693230e+02 -4.864049123923516760e+01 -1.883372007560828720e+01 -2.175893424208580598e+02 -6.182449643262603445e+01
2.452830327760275608e+01 1.010225456492223230e+02 -5.447636957389386225e+01 -2.539101537604335590e+01 -2.475890709439592285e+02 -4.533612124894570172e+01
2.165659955478820109e+01 7.530922241040704534e+01 -5.771323089703717812e+01 -3.371196259512757365e+01 -2.802131951222914950e+02 -1.813715353282802667e+01
1.777441203347550669e+01 4.623981118270683766e+01 -5.730852537389858270e+01 -4.645389733850285552e+01 -3.142152246161004996e+02 3.187390676012676494e+01
1.242949243782510926e+01 1.481801408375281603e+01 -5.017726680776655712e+01 -6.170929785593197892e+01 -3.202484793817602053e+02 1.201279696943051789e+02
5.458083014574255820e+00 -1.625410191976247631e+01 -3.187312567584955048e+01 -6.599334864353433261e+01 -2.467855288524740445e+02 2.093375589928034799e+02
-6.137996805332586181e-01 -3.618233893987525818e+01 -1.033971276641079662e+01 -5.722727484942692655e+01 -1.648055006010180250e+02 2.231997736520588376e+02
-5.717575054654132849e+00 -4.938829307516005684e+01 1.088248097514560975e+01 -4.729338031567568379e+01 -1.092843241888743222e+02 2.094199179699109550e+02
-9.927421821766518661e+00 -5.810984590374159353e+01 3.038224029692651484e+01 -3.950223310779967534e+01 -7.169683559686136221e+01 1.893216355020953756e+02
-1.343369372350060864e+01 -6.376149075261977117e+01 4.785300310594384854e+01 -3.252146282847490966e+01 -4.486025613467759854e+01 1.693069026424581409e+02
-1.659685662286199559e+01 -6.727462220865875508e+01 6.495326448078019155e+01 -2.602258841642207798e+01 -2.204844787305651366e+01 1.494893643876683598e+02
-1.891139456405740304e+01 -6.867958257044146819e+01 7.869887062074117523e+01 -2.136633800186779197e+01 -7.138802139041336758e+00 1.325660131953216023e+02
-2.077493557604179841e+01 -6.871406902313542275e+01 9.089143302107849820e+01 -1.752937402626711361e+01 6.102896226394550538e+00 1.170718921063481162e+02
-2.232687854798097860e+01 -6.759498014253922804e+01 1.016225452453270748e+02 -1.379508151195207155e+01 1.692966088442001293e+01 1.022916686679688496e+02
-2.357210778591424827e+01 -6.516814714727647129e+01 1.118020837071517803e+02 -9.589020611991921683e+00 2.696872877313317929e+01 8.720564155922478733e+01
-2.435888117599136393e+01 -6.210678090134544505e+01 1.196975714194947926e+02 -6.994465407834258741e+00 3.500543121265911140e+01 7.431570585299482445e+01
-2.487829311649279518e+01 -5.826973395823442559e+01 1.263198350272153903e+02 -3.516216881397085992e+00 4.263348875385948844e+01 6.142628205651210749e+01
-2.505885543004727722e+01 -5.382242762520387913e+01 1.317131470389998356e+02 -4.425933838232882223e-01 4.852789758721856117e+01 4.894106573663155046e+01
-2.501073414065130507e+01 -4.821950630191503251e+01 1.362396530777138821e+02 2.438082957485660618e+00 5.534631929367115788e+01 3.522863923142131171e+01
-2.467895027029751276e+01 -4.258021942461449783e+01 1.390549930911500951e+02 5.486352065690250690e+00 6.030049476212300874e+01 2.227524218368546016e+01
-2.404007810929505951e+01 -3.649421717683172517e+01 1.406678643390582693e+02 7.546932156881434040e+00 6.455780339086223307e+01 1.023059125519113266e+01
-2.317336048774966883e+01 -2.997523154780430232e+01 1.410058425260164654e+02 9.931002447085456097e+00 6.890666774625869095e+01 -2.970608680287339265e+00
-2.190721585335564470e+01 -2.236892231513546392e+01 1.399380087719352730e+02 1.329195473402232786e+01 7.316926000208178493e+01 -1.687846674020954651e+01
-2.048234416062246410e+01 -1.509210375475374910e+01 1.376478701649042762e+02 1.559965384870094240e+01 7.617812818942013564e+01 -3.092878984648038099e+01
-1.884363403720720598e+01 -7.484633063832346167e+00 1.339323144122304257e+02 1.845305833092936609e+01 7.936069016979264745e+01 -4.533417116361253107e+01
-1.692621514828190499e+01 3.237024675081444092e-01 1.287557644724904264e+02 2.102522141712992365e+01 8.134014868436096890e+01 -6.022108311750059784e+01
-1.449217785814921378e+01 9.164921374047009905e+00 1.212707162399943854e+02 2.412276415356162929e+01 8.356755479034350742e+01 -7.829867373228067606e+01
-1.198682727961679184e+01 1.738923280774566749e+01 1.127341266976667953e+02 2.738729265619655706e+01 8.427831579724821154e+01 -9.693504804693637311e+01
-9.174544461417369234e+00 2.562093272140891997e+01 1.023588394839829192e+02 3.068885832983877293e+01 8.377416023657616506e+01 -1.172417007918792251e+02
-5.979301463901004254e+00 3.381093392998820946e+01 8.977470243164910357e+01 3.371625148043592901e+01 8.258011270017472327e+01 -1.404301198614079453e+02
-2.093713174873270244e+00 4.249001660741304676e+01 7.310509462730281882e+01 3.843146558625494436e+01 7.801169755611311984e+01 -1.708640918399379700e+02
1.826291608932728350e+00 4.973359994331747203e+01 5.485560821158739486e+01 4.245408342975743921e+01 6.992986723574514940e+01 -2.044382244343216826e+02
6.219668972102994964e+00 5.580366732118046968e+01 3.286978581081705642e+01 4.741243637235680097e+01 5.216628691509353644e+01 -2.468788180007777839e+02
1.102073100366659197e+01 5.930192574310368059e+01 6.134441155532194045e+00 5.110992141627177432e+01 1.406169406378142028e+01 -3.020230704866904716e+02
1.594158012642729005e+01 5.666411257665598100e+01 -2.622132158981339956e+01 4.711932257387719858e+01 -8.178564360128929422e+01 -3.560887911946441591e+02
1.946413499970388727e+01 3.931044476733529081e+01 -6.200667519577095277e+01 1.626165792684799527e+01 -2.236169996093777570e+02 -2.799112649584166093e+02
2.001939805885872659e+01 1.644873586849779912e+01 -8.356755194960155109e+01 -2.045678715418305149e+00 -2.324779021300275588e+02 -1.687639715493299377e+02
1.940342304197907453e+01 -4.971870963837218937e+00 -9.656608839616028206e+01 -9.786323904440980215e+00 -2.062998622142523573e+02 -1.020296817505045226e+02
1.823127602619578624e+01 -2.371031081978498989e+01 -1.042896000376116916e+02 -1.297342372266673927e+01 -1.779938509925408994e+02 -5.887268424240478026e+01
1.670120798851938559e+01 -4.121423801275935261e+01 -1.086138593617307890e+02 -1.512259895543913402e+01 -1.485882891381852176e+02 -2.435222655807680425e+01
1.526216063317467153e+01 -5.454320764495614782e+01 -1.098120323817045403e+02 -1.555341832464850427e+01 -1.242744507368788334e+02 -8.100097068226145280e-01
1.372267102318347121e+01 -6.554059400025040816e+01 -1.089548507145967164e+02 -1.565215645890491380e+01 -1.014515584986321954e+02 1.838947433340039694e+01
1.221409028355916249e+01 -7.432794454894020930e+01 -1.063656684208159646e+02 -1.476136435700248661e+01 -7.882335575215719814e+01 3.401788727621360664e+01
1.064783043205745727e+01 -8.150882217452800660e+01 -1.018604011525836484e+02 -1.448613762787866222e+01 -5.462285475146794766e+01 4.986116080682061380e+01
9.238449019782875027e+00 -8.582974826663834733e+01 -9.640887825309869186e+01 -1.345502807327924444e+01 -3.249894672124684547e+01 6.159757366058776284e+01
7.954849591320707347e+00 -8.787817291758639726e+01 -8.980573750852204284e+01 -1.246643332310945773e+01 -9.270931821236514381e+00 7.275064718862071800e+01
6.827418211611286480e+00 -8.765151911697860498e+01 -8.228030605973611955e+01 -1.064473893973230645e+01 1.480573176093730225e+01 8.213230744678017459e+01
5.806813204188758348e+00 -8.451577213790930898e+01 -7.296098613699962243e+01 -8.556275939885617632e+00 4.354952392715814113e+01 9.136402427566946471e+01
5.107940298873574037e+00 -7.891351248091663706e+01 -6.366462220521900406e+01 -6.105725349466835539e+00 7.275283429680847291e+01 9.856584111917399582e+01
4.693460979775008646e+00 -7.019315555985737376e+01 -5.379399459895268620e+01 -2.030393028410689471e+00 1.060322552501741882e+02 1.036380555515793276e+02
4.737098995215720088e+00 -5.794317516079127728e+01 -4.348989837484599263e+01 2.372104218038024737e+00 1.469858868983489799e+02 1.066699662616373701e+02
5.375512994447216641e+00 -3.920305675220696173e+01 -3.215345752251592870e+01 1.092224087818882516e+01 2.048248009723532732e+02 1.023554733308295823e+02
7.020020141887260756e+00 -1.574409044100702282e+01 -2.301351439248597686e+01 2.402434311935835609e+01 2.787572723499061453e+02 7.892048983737173273e+01
1.054945607245997863e+01 1.600011630534320517e+01 -1.896072655958327147e+01 5.114320184704116201e+01 3.699125433653296113e+02 -1.713504033767706147e+01
1.681297689078047952e+01 5.058789367597105979e+01 -2.973158353979925650e+01 6.833853244706251928e+01 2.972975459664054938e+02 -1.840144385925993049e+02
2.340464849297880079e+01 7.462225785299946779e+01 -5.108144937418079223e+01 5.301277582440465608e+01 1.638683297646352344e+02 -1.986397008870343370e+02
2.790391174388617301e+01 8.692906787136470825e+01 -6.943688304863130156e+01 4.036491225997557564e+01 9.300948605683012715e+01 -1.762931082099430853e+02
3.141710963171194848e+01 9.354669806496680451e+01 -8.544507712412058709e+01 3.072356913009750912e+01 4.481018579992944950e+01 -1.513303974060771679e+02
3.398133860176735510e+01 9.604796339407157291e+01 -9.901339621544074987e+01 2.168062001252010873e+01 8.047350783820629516e+00 -1.266273113814417997e+02
3.568029793045799636e+01 9.532154036111855078e+01 -1.101506424734605929e+02 1.418430565727176784e+01 -2.191879846552139455e+01 -1.017950538415907147e+02
3.681017763316156532e+01 9.147191507902694241e+01 -1.195627214753527880e+02 6.339675379845179037e+00 -4.955892373744916313e+01 -7.365052476477522703e+01
3.703431424308381281e+01 8.551023725947372611e+01 -1.254723821133336941e+02 -1.257202500907910858e+00 -7.185232210969545008e+01 -4.685401621533625871e+01
