1.904630064964294434e+00 3.543035984039306641e+00 -1.922241687774658203e+00 9.430731082486147887e-01 2.865571487711645826e+00 -9.013455362166611362e-01
2.027984619140625000e+00 3.818031787872314453e+00 -2.007052659988403320e+00 1.274921211154510514e+00 2.994560055461892301e+00 -9.077372239980170399e-01
2.126768589019775391e+00 4.067986488342285156e+00 -2.069293260574340820e+00 1.528666470616429240e+00 3.098244025804854029e+00 -7.258268209181034658e-01
2.250007152557373047e+00 4.380414485931396484e+00 -2.147171497344970703e+00 1.309429524099629649e+00 3.086444833419001110e+00 -9.570112323417300226e-01
2.367612600326538086e+00 4.700777053833007812e+00 -2.188849449157714844e+00 1.503575559669276140e+00 3.975266978747208579e+00 -5.732184972971012815e-01
2.457976579666137695e+00 5.071801662445068359e+00 -2.234800815582275391e+00 1.700530188241419216e+00 3.874907107500442649e+00 -3.645507291468502165e-01
2.568196773529052734e+00 5.509838581085205078e+00 -2.258892297744750977e+00 9.277536832184886118e-01 4.230541791989880451e+00 4.140456269150920299e-02
2.714450120925903320e+00 6.032304763793945312e+00 -2.285229921340942383e+00 1.075491307753841497e+00 5.135809093985032270e+00 -2.237958246871523116e-01
2.854740381240844727e+00 6.524996757507324219e+00 -2.280205011367797852e+00 1.721048308676780714e+00 5.691385345702183685e+00 -1.816409753032917074e-01
2.989112138748168945e+00 7.121668815612792969e+00 -2.289070606231689453e+00 1.778267730777224109e+00 6.189040929331340202e+00 -2.611155467473609826e-01
3.139194250106811523e+00 7.764337062835693359e+00 -2.287988424301147461e+00 1.128436446039177143e+00 7.069432637328143088e+00 -1.362206640994594598e-01
3.303329467773437500e+00 8.534132957458496094e+00 -2.288286447525024414e+00 1.645300785451519365e+00 7.310380716987953775e+00 -6.718370606376256916e-03
3.480819940567016602e+00 9.323868751525878906e+00 -2.304623126983642578e+00 1.984135409379686577e+00 8.356339182955023759e+00 -4.673946627427703615e-01
3.673340082168579102e+00 1.017805671691894531e+01 -2.322280645370483398e+00 1.964823396137406419e+00 9.161136962315490351e+00 -2.173197888512999054e-01
3.856553316116333008e+00 1.112075901031494141e+01 -2.342842102050781250e+00 2.215541235649332474e+00 1.044169025823544317e+01 -5.195771427724438229e-01
4.070117473602294922e+00 1.229288482666015625e+01 -2.412922382354736328e+00 2.269205778525834827e+00 1.139555405003224742e+01 -1.095472284841448429e+00
4.300231933593750000e+00 1.346523666381835938e+01 -2.517783880233764648e+00 2.119947935826493879e+00 1.225720726602179766e+01 -1.194319726372700341e+00
4.578112602233886719e+00 1.476973533630371094e+01 -2.664083957672119141e+00 2.706615723676165874e+00 1.432454103377732224e+01 -1.879124636320878006e+00
4.845654964447021484e+00 1.621092987060546875e+01 -2.899500131607055664e+00 3.090875820190488454e+00 1.587757327471242164e+01 -2.976698824920057440e+00
5.219793319702148438e+00 1.803894615173339844e+01 -3.314500093460083008e+00 3.638432902381704803e+00 1.817562704529499840e+01 -5.059160356534912140e+00
5.621109008789062500e+00 1.997686767578125000e+01 -3.936267852783203125e+00 3.960247514845105066e+00 2.142049910503722643e+01 -8.116024835950337746e+00
6.116561412811279297e+00 2.214434051513671875e+01 -4.938104152679443359e+00 5.174765902240958226e+00 2.354539481393101497e+01 -1.318151831245555705e+01
6.780579090118408203e+00 2.447813987731933594e+01 -6.713188648223876953e+00 7.263348187036474890e+00 2.351818361558626691e+01 -2.352682733530938108e+01
7.648511886596679688e+00 2.654865646362304688e+01 -9.828386306762695312e+00 8.490956023530095820e+00 1.441361064631898259e+01 -3.287252334567331502e+01
8.395295143127441406e+00 2.760119819641113281e+01 -1.311731243133544922e+01 7.089099053223901770e+00 7.119196014704134434e+00 -3.322919209225833015e+01
8.969577789306640625e+00 2.801184272766113281e+01 -1.614133644104003906e+01 4.844351910528623684e+00 2.093774565031562673e+00 -2.844881905755053353e+01
9.429469108581542969e+00 2.813073158264160156e+01 -1.866529464721679688e+01 3.870890840414995537e+00 4.480069190643086174e-01 -2.326584862192702730e+01
9.811927795410156250e+00 2.811367797851562500e+01 -2.072572708129882812e+01 3.342067263313072356e+00 -6.218085890575626440e-01 -1.914008760938427045e+01
1.017450046539306641e+01 2.800437545776367188e+01 -2.256575584411621094e+01 3.314924033397486092e+00 -1.456066298161094119e+00 -1.530287273717956076e+01
1.041694450378417969e+01 2.786519050598144531e+01 -2.396128273010253906e+01 2.063515961063712822e+00 -2.058849148210951441e+00 -1.301166591086050062e+01
1.066372203826904297e+01 2.767650222778320312e+01 -2.513227081298828125e+01 2.315770374007895871e+00 -1.487763728354495996e+00 -1.073314666227867598e+01
1.087831497192382812e+01 2.747444534301757812e+01 -2.613909339904785156e+01 2.359284024107405120e+00 -1.931398708833630185e+00 -9.657390171201145179e+00
1.104219150543212891e+01 2.730308532714843750e+01 -2.709737968444824219e+01 1.554888949175004420e+00 -1.541712286268552612e+00 -7.964361172162231384e+00
1.120479965209960938e+01 2.715289497375488281e+01 -2.784465980529785156e+01 2.009770613140179574e+00 -6.499502956758919092e-01 -7.518923006512493679e+00
1.134182453155517578e+01 2.702800369262695312e+01 -2.856117248535156250e+01 9.406184614198829230e-01 -1.288449644115313486e+00 -7.193364183354956864e+00
1.148799705505371094e+01 2.689422607421875000e+01 -2.921992111206054688e+01 1.465621342901858304e-01 -1.449857449609878834e+00 -6.517499827982312866e+00
1.160241413116455078e+01 2.671360969543457031e+01 -2.986385536193847656e+01 1.301006362369629299e+00 -1.974852015937208050e+00 -6.128253901288659655e+00
1.173054122924804688e+01 2.652497673034667969e+01 -3.042382240295410156e+01 1.047743649364518248e+00 -2.152319131198097146e+00 -5.706169990758072075e+00
1.184122657775878906e+01 2.629625320434570312e+01 -3.095339012145996094e+01 1.477812247399191259e+00 -2.674876275953872895e+00 -5.497993290062196614e+00
1.196418094635009766e+01 2.606281280517578125e+01 -3.145762825012207031e+01 5.288281850219969105e-01 -1.405324047584640912e+00 -4.994055551036648666e+00
1.204843807220458984e+01 2.575132751464843750e+01 -3.193113327026367188e+01 1.227114705730979249e+00 -3.219515216606799957e+00 -4.060522813264018538e+00
1.214179134368896484e+01 2.544946670532226562e+01 -3.232217407226562500e+01 7.621561577032852641e-01 -2.405095841022354186e+00 -3.931070973422127413e+00
1.222649669647216797e+01 2.518038177490234375e+01 -3.267560195922851562e+01 7.589976451972746396e-01 -2.893842507825646226e+00 -3.697869303103324068e+00
1.229800796508789062e+01 2.483930397033691406e+01 -3.298025131225585938e+01 8.662593077300106970e-01 -2.996892130536513044e+00 -2.992739594217368015e+00
1.235475826263427734e+01 2.450916671752929688e+01 -3.329530334472656250e+01 -7.193311401274072869e-01 -3.787009672186614662e+00 -2.347503906575695520e+00
1.242098140716552734e+01 2.419423484802246094e+01 -3.353815078735351562e+01 -3.513112290144550509e-01 -2.844771417594009755e+00 -2.105644127966406653e+00
1.248382472991943359e+01 2.390120124816894531e+01 -3.372403717041015625e+01 6.228423708127548419e-01 -3.003168973776704664e+00 -1.572323742063374885e+00
1.250813007354736328e+01 2.361487770080566406e+01 -3.382004547119140625e+01 7.349332000362512884e-01 -2.731858296855869561e+00 -6.813323215484405893e-01
1.256278324127197266e+01 2.337830352783203125e+01 -3.386317443847656250e+01 -2.840051211547383811e-02 -2.751801069504416830e+00 9.428666166955979033e-02
1.259593868255615234e+01 2.314651107788085938e+01 -3.380181884765625000e+01 3.015223415383785910e-01 -1.171498197887372861e+00 1.357471700094926348e+00
1.257758903503417969e+01 2.297222900390625000e+01 -3.362738418579101562e+01 -1.564082818128232910e-01 -1.709488657268339207e+00 2.294080528027234944e+00
1.259311389923095703e+01 2.294534873962402344e+01 -3.327722167968750000e+01 -8.624884526983788158e-01 1.640229716005800142e+00 4.981452822920747536e+00
1.257087135314941406e+01 2.324114608764648438e+01 -3.267286682128906250e+01 9.567055138822260218e-01 6.661815208083532447e+00 7.514108644424452699e+00
1.276471233367919922e+01 2.457460403442382812e+01 -3.203409576416015625e+01 2.350194512494017118e+00 1.697826177723792895e+01 2.383063853002139965e+00
1.305485057830810547e+01 2.617947006225585938e+01 -3.215768814086914062e+01 3.740621543684987671e+00 1.468223832254971484e+01 -3.976004026812602010e+00
1.334328556060791016e+01 2.735648536682128906e+01 -3.268257522583007812e+01 2.881851697242217902e+00 9.578257699296923278e+00 -6.556724366651465630e+00
1.361350154876708984e+01 2.809891128540039062e+01 -3.334720611572265625e+01 2.600641273786269636e+00 6.178776906447654760e+00 -7.463952418160447522e+00
1.379897785186767578e+01 2.853776359558105469e+01 -3.414413452148437500e+01 1.227131245781610813e+00 1.879301465869136711e+00 -7.689718105557784789e+00
1.403238201141357422e+01 2.869473266601562500e+01 -3.489585494995117188e+01 2.461841986556897233e+00 1.622149658976491216e+00 -7.653675211549525237e+00
1.421164131164550781e+01 2.875130462646484375e+01 -3.566103744506835938e+01 1.669609883421413699e+00 -9.966982027197539284e-02 -7.625982394392297081e+00
1.437510585784912109e+01 2.864945030212402344e+01 -3.641069793701171875e+01 1.894545830728944447e+00 -1.007580301665924161e+00 -7.334693636655789106e+00
1.452800559997558594e+01 2.843519401550292969e+01 -3.718291854858398438e+01 2.172450554632721520e+00 -3.447084846401486935e+00 -7.019775500318506722e+00
1.467896270751953125e+01 2.821709823608398438e+01 -3.781459808349609375e+01 4.933272631484472703e-01 -2.377982120322928328e+00 -6.282268973732920259e+00
1.475656604766845703e+01 2.796202850341796875e+01 -3.840799331665039062e+01 1.228501998094508219e+00 -2.454180582421551904e+00 -5.945840745329002530e+00
1.490803050994873047e+01 2.768016624450683594e+01 -3.899802780151367188e+01 1.519299331662302022e+00 -2.462748219317708376e+00 -6.255946468408454031e+00
1.500362968444824219e+01 2.745220375061035156e+01 -3.964379882812500000e+01 3.699960028761067887e-01 -2.109938989360967465e+00 -6.294439823752159491e+00
1.512924861907958984e+01 2.722499275207519531e+01 -4.025465774536132812e+01 1.004365254327584722e+00 -1.980611243721112746e+00 -6.242775026286477846e+00
1.522496700286865234e+01 2.689996719360351562e+01 -4.084407806396484375e+01 1.254591402441057602e+00 -3.203656345420520690e+00 -5.535196228881820169e+00
1.538239002227783203e+01 2.660670089721679688e+01 -4.139644241333007812e+01 1.153688880756717383e+00 -3.022195170919958152e+00 -5.736727251573696229e+00
1.542551517486572266e+01 2.623896026611328125e+01 -4.200762939453125000e+01 1.937677630922907956e-01 -5.115715835324873062e+00 -5.819096119829191949e+00
1.558578968048095703e+01 2.575001907348632812e+01 -4.254258346557617188e+01 1.521288168479338454e+00 -3.156814969786081448e+00 -5.471618242365630103e+00
1.559046173095703125e+01 2.520657157897949219e+01 -4.298746871948242188e+01 -1.266574917365812292e+00 -7.834961927056579789e+00 -2.693931253223875721e+00
1.556955623626708984e+01 2.445598983764648438e+01 -4.290691375732421875e+01 8.697486418125822683e-01 -4.215893671920582619e+00 3.449402915724057550e+00
1.555462360382080078e+01 2.429476737976074219e+01 -4.264550018310546875e+01 -6.603604084391612172e-01 -8.473822476949210980e-01 5.551848804649498481e-01
1.564419460296630859e+01 2.427545356750488281e+01 -4.275251770019531250e+01 1.031319509004711366e+00 8.489072083062972895e-01 -2.644125805203672908e+00
1.579086589813232422e+01 2.436068534851074219e+01 -4.317751693725585938e+01 1.940104024363589419e+00 7.791658257808365962e-01 -5.383266169146018854e+00
1.595099639892578125e+01 2.444131088256835938e+01 -4.376074600219726562e+01 2.036744664216775469e+00 1.047386368033558890e+00 -6.640940188613472905e+00
1.613398933410644531e+01 2.457913208007812500e+01 -4.442486190795898438e+01 9.516834795977053840e-01 1.400936581554556470e+00 -7.337385568977682127e+00
1.629241561889648438e+01 2.463651275634765625e+01 -4.528016662597656250e+01 2.166614629983676377e+00 -3.066908933605929088e-01 -8.292352376276294734e+00
1.651822853088378906e+01 2.460098457336425781e+01 -4.610041427612304688e+01 1.875131485494238248e+00 -1.954748682337246746e-01 -8.502070908772557445e+00
