1.229482323535129851e+01 2.378373858443854658e+02 1.299007910637064356e+02 1.252703970293768698e+01 1.277770076877834704e+01 -7.708092076157288375e+01
1.252625806890847393e+01 2.380603556846327820e+02 1.284066797338048502e+02 1.222847142939035159e+01 1.143187306419560478e+01 -7.783340151837192877e+01
1.276546245817290703e+01 2.382624753471883707e+02 1.268463908920724776e+02 1.197559618206952869e+01 1.009400457377107685e+01 -7.859015192049172072e+01
1.301032838991191376e+01 2.384429400921480919e+02 1.252324682017940631e+02 1.176625873814719903e+01 8.761098267646190152e+00 -7.934679218107355325e+01
1.325874785089279406e+01 2.386009451796079475e+02 1.235774553262544657e+02 1.159830387479533620e+01 7.430157115962376935e+00 -8.009894251325867742e+01
1.350861282788286566e+01 2.387356858696638255e+02 1.218938959287384876e+02 1.146957636918592094e+01 6.098184088861068552e+00 -8.084222313018840111e+01
1.375781530764943206e+01 2.388463574224116144e+02 1.201943336725309592e+02 1.137792099849093397e+01 4.762182156483693696e+00 -8.157225424500394695e+01
1.400424727695980387e+01 2.389321550979472590e+02 1.184913122209166261e+02 1.132118253988234535e+01 3.419154288971681055e+00 -8.228465607084660860e+01
1.424580072258129704e+01 2.389922741563667898e+02 1.167973752371804181e+02 1.129720577053214292e+01 2.066103456466465982e+00 -8.297504882085767974e+01
1.448036763128121152e+01 2.390259098577659529e+02 1.151250663846070239e+02 1.130383546761229674e+01 7.000326291094760567e-01 -8.363905270817839721e+01
1.470583998982685792e+01 2.390322574622407785e+02 1.134869293264813308e+02 1.133891640829478931e+01 -6.820552229578593639e-01 -8.427228794595005468e+01
1.492120162658518723e+01 2.390105341614075201e+02 1.118893821318287394e+02 1.139733417402266369e+01 -2.081538328295219564e+00 -8.487316145081319974e+01
1.512980373632167996e+01 2.389600448729637208e+02 1.103143404926371574e+02 1.146213756332323364e+01 -3.493319710266737488e+00 -8.545122695340550933e+01
1.533608935540146945e+01 2.388801164461273743e+02 1.087375945066351193e+02 1.151341617899488412e+01 -4.910683590937659382e+00 -8.601882488786398540e+01
1.554450152018967124e+01 2.387700757301163037e+02 1.071349342715510886e+02 1.153125962383598946e+01 -6.326914192373227941e+00 -8.658829568832554457e+01
1.575948326705142044e+01 2.386292495741486448e+02 1.054821498851136852e+02 1.149575750064493818e+01 -7.735295736638684971e+00 -8.717197978892721721e+01
1.598398574135613259e+01 2.384571705832210000e+02 1.037615632033426749e+02 1.139311862992666136e+01 -9.134085629226094127e+00 -8.777920243327577055e+01
1.621499252449044448e+01 2.382541943854460840e+02 1.019816231154232469e+02 1.123402870301235623e+01 -1.054143400933477892e+01 -8.840722810285755884e+01
1.644799530684527511e+01 2.380208823647152485e+02 1.001573102688319352e+02 1.103529262893975904e+01 -1.198046419959086961e+01 -8.905030608862871588e+01
1.667848577881156302e+01 2.377577959049199023e+02 9.830360531104517463e+01 1.081371531674661668e+01 -1.347429952262051422e+01 -8.970268568154538968e+01
1.690195563078023611e+01 2.374654963899515678e+02 9.643548888953952769e+01 1.058610167547067960e+01 -1.504606330104984835e+01 -9.035861617256377087e+01
1.711514275618899816e+01 2.371443104926079570e+02 9.456511136491511138e+01 1.036683813019761757e+01 -1.670797319726369778e+01 -9.101387051992402633e+01
1.731976986066271351e+01 2.367936260413123080e+02 9.269330195026678609e+01 1.016063717020485235e+01 -1.842862423268171312e+01 -9.167031635100251208e+01
1.751880585287299752e+01 2.364125961533940767e+02 9.081805957181295241e+01 9.969792800817732115e+00 -2.016570576848220853e+01 -9.233134496045961725e+01
1.771521964149148332e+01 2.360003739461827479e+02 8.893738315577212461e+01 9.796599027361599710e+00 -2.187690716584350881e+01 -9.300034764295568834e+01
1.791198013518980048e+01 2.355561125370078344e+02 8.704927162836274590e+01 9.643349855161803319e+00 -2.351991778594395655e+01 -9.368071569315115710e+01
1.811129301752340481e+01 2.350787355376111520e+02 8.515135689918385253e+01 9.511359249275034955e+00 -2.506869742295309678e+01 -9.437305519141364130e+01
1.831231107158304283e+01 2.345662485373835580e+02 8.323980281135651182e+01 9.398021013683321101e+00 -2.656228760300537672e+01 -9.506683136093982966e+01
1.851342385534326951e+01 2.340164276201281837e+02 8.131040619138238412e+01 9.299748912100037401e+00 -2.805600028522646383e+01 -9.574872421063366801e+01
1.871302092677866469e+01 2.334270488696482460e+02 7.935896386576311556e+01 9.212956708238557724e+00 -2.960514742874203264e+01 -9.640541374939917318e+01
1.890949184386379045e+01 2.327958883697468764e+02 7.738127266100030965e+01 9.134058165812254160e+00 -3.126504099267776127e+01 -9.702357998614027679e+01
1.910150502309440412e+01 2.321224125558791229e+02 7.537683368011187213e+01 9.059075230739601636e+00 -3.307143338173650449e+01 -9.759460350205468160e+01
1.928884431505100494e+01 2.314128492701073583e+02 7.335996513218061921e+01 8.982462577759484645e+00 -3.498183878292977766e+01 -9.812866716751481988e+01
1.947157242883528028e+01 2.306751167061457863e+02 7.134868950280555566e+01 8.898283063815885185e+00 -3.693421182884630838e+01 -9.864065442518692350e+01
1.964975207354893172e+01 2.299171330577087815e+02 6.936102927758575731e+01 8.800599545852795913e+00 -3.886650715207481710e+01 -9.914544871773719592e+01
1.982344595829363953e+01 2.291468165185104624e+02 6.741500694212024314e+01 8.683474880814200603e+00 -4.071667938520399588e+01 -9.965793348783179795e+01
1.999283019919567650e+01 2.283685767452875552e+02 6.552098251447978328e+01 8.543454979888984724e+00 -4.244432554120760415e+01 -1.001879916184806518e+02
2.015853454047959303e+01 2.275727892468660798e+02 6.365866614262186118e+01 8.387017971245631642e+00 -4.409561215459949324e+01 -1.007255037540683986e+02
2.032130213339451075e+01 2.267463209950944645e+02 6.180010550697570437e+01 8.223125037297515760e+00 -4.573834814027854634e+01 -1.012553499793232561e+02
2.048187612918955836e+01 2.258760389618211377e+02 5.991734828797049772e+01 8.060737360458020362e+00 -4.744034241314366085e+01 -1.017624103789735557e+02
2.064099967911386457e+01 2.249488101188945279e+02 5.798244216603546164e+01 7.908816123140524290e+00 -4.926940388809370575e+01 -1.022315650377476004e+02
2.079915929426558208e+01 2.239547037554777944e+02 5.597506493946480788e+01 7.771835736784140636e+00 -5.127243176645417577e+01 -1.026535193161888486e+02
2.095581492513901267e+01 2.228965984299927641e+02 5.390541487801277754e+01 7.636323528930921256e+00 -5.341268639525697637e+01 -1.030422796781016075e+02
2.111016988207747147e+01 2.217805750181759947e+02 5.179132036929858884e+01 7.484320056148648703e+00 -5.563251840796062453e+01 -1.034176778631053111e+02
2.126142747542428424e+01 2.206127143957640158e+02 4.965060980094147425e+01 7.297865875005107306e+00 -5.787427843802363725e+01 -1.037995456108193935e+02
2.140879101552277319e+01 2.193990974384934418e+02 4.750111156056069461e+01 7.059001542068080504e+00 -6.008031711890451732e+01 -1.042077146608633313e+02
2.155150455919972075e+01 2.181447291132771795e+02 4.535711453395867920e+01 6.757403427491219361e+00 -6.221054451465562352e+01 -1.046572809725885378e+02
2.168897514921565417e+01 2.168503107517336446e+02 4.321874959967072272e+01 6.413291155771637442e+00 -6.429510841170470314e+01 -1.051443973842742992e+02
2.182065057481458936e+01 2.155154677766579141e+02 4.108260813441535930e+01 6.054520164992315934e+00 -6.638171602707339503e+01 -1.056604809539319092e+02
2.194597862524050669e+01 2.141398256108446674e+02 3.894528151491105206e+01 5.708945893236226254e+00 -6.851807457778329535e+01 -1.061969487395725764e+02
2.206440708973740428e+01 2.127230096770889247e+02 3.680336111787632802e+01 5.404423778586353144e+00 -7.075189128085601453e+01 -1.067452177992076088e+02
2.217578319912741591e+01 2.112636091539349366e+02 3.465341682236940812e+01 5.161047061579874473e+00 -7.311880604739501166e+01 -1.072930852727141513e+02
2.228155195054521798e+01 2.097560682429241581e+02 3.249193251680733852e+01 4.967860192570769939e+00 -7.560618956483108377e+01 -1.078138686274330666e+02
2.238355778270362251e+01 2.081937949013475588e+02 3.031537059194689121e+01 4.806145424367222141e+00 -7.818934521467683396e+01 -1.082772654125710261e+02
2.248364513431544509e+01 2.065701970864960515e+02 2.812019343854483111e+01 4.657185009777413676e+00 -8.084357637844497901e+01 -1.086529731773348431e+02
2.258365844409350132e+01 2.048786827556605488e+02 2.590286344735793023e+01 4.502261201609523589e+00 -8.354418643764807939e+01 -1.089106894709312172e+02
2.268458355371925350e+01 2.031169247927284971e+02 2.366366629634611130e+01 4.326273020846405970e+00 -8.626847485572167784e+01 -1.090341744200879930e+02
2.278397191674879707e+01 2.012996557879740180e+02 2.141818081228199233e+01 4.128586561169597324e+00 -8.900172542379284835e+01 -1.090634384616175652e+02
2.287851638970684220e+01 1.994458732582676532e+02 1.918580910914134208e+01 3.912184684435308313e+00 -9.173121801491141980e+01 -1.090525546098533596e+02
2.296490982911812040e+01 1.975745747204799443e+02 1.698595330089987598e+01 3.680050252499739827e+00 -9.444423250212733478e+01 -1.090555958791287736e+02
2.303984509150736670e+01 1.957047576914815181e+02 1.483801550153338589e+01 3.435166127219102528e+00 -9.712804875849047903e+01 -1.091266352837773184e+02
2.310109505667700347e+01 1.938470926097987501e+02 1.275341845675802865e+01 3.180076481518478548e+00 -9.978028633933153912e+01 -1.093005049321636761e+02
2.315075269754019871e+01 1.919789416005806402e+02 1.071166743925151899e+01 2.915570732598441683e+00 -1.024399235291040924e+02 -1.095350733087774842e+02
2.319199101028780419e+01 1.900693397106321072e+02 8.684288353431961482e+00 2.641999608728442972e+00 -1.051562782945424743e+02 -1.097689679921396078e+02
2.322798299111068587e+01 1.880873219867578428e+02 6.642807103717466966e+00 2.359713838177932121e+00 -1.079786686023810773e+02 -1.099408165607710117e+02
2.326190163619969553e+01 1.860019234757626521e+02 4.558749594526140037e+00 2.069064149216356174e+00 -1.109564124193541801e+02 -1.099892465931924761e+02
2.329576162704032782e+01 1.837898424515275337e+02 2.411377906944854654e+00 1.766754736170361051e+00 -1.141262195246628011e+02 -1.098722673324167829e+02
2.332694438629659928e+01 1.814584300962381462e+02 2.108988287355371416e-01 1.434903657595363535e+00 -1.174743669473743068e+02 -1.096254146794239404e+02
2.335167302192716932e+01 1.790227008191562845e+02 -2.024744675671114269e+00 1.051982438103977957e+00 -1.209745235290227043e+02 -1.093036061996858734e+02
2.336617064189069026e+01 1.764976690295438573e+02 -4.277609641844407840e+00 5.964626023088172024e-01 -1.246003581111420289e+02 -1.089617594586744218e+02
2.336666035414581089e+01 1.738983491366625742e+02 -6.529753105353650611e+00 4.681567482249384543e-02 -1.283255395352662447e+02 -1.086547920218614678e+02
2.335038462973694706e+01 1.712364856107073763e+02 -8.766437282011793286e+00 -6.071153945464453638e-01 -1.321307210772189933e+02 -1.084190099505122333e+02
2.331866339205154404e+01 1.685107431656049073e+02 -1.098574510860655096e+01 -1.330001955205775577e+00 -1.360244937499826676e+02 -1.082162732890651995e+02
2.327383592756279995e+01 1.657165165762148433e+02 -1.318896470216923333e+01 -2.075143931367323891e+00 -1.400224330008291815e+02 -1.079898305777520449e+02
2.321824152274391651e+01 1.628492006173969457e+02 -1.537738417973117677e+01 -2.795841247242925043e+00 -1.441401142770304205e+02 -1.076829303568046470e+02
2.315421946406809894e+01 1.599041900640108622e+02 -1.755229165832371763e+01 -3.445393827044413104e+00 -1.483931130258584403e+02 -1.072388211664547271e+02
2.308327981513633631e+01 1.568757784010646219e+02 -1.971465846437813951e+01 -3.995423072993573577e+00 -1.527924993180612319e+02 -1.066114251648720597e+02
2.300361574806079545e+01 1.537538539541597231e+02 -2.186418876192555416e+01 -4.490836299352001681e+00 -1.573313217182916333e+02 -1.057973589819784905e+02
2.291259121208140925e+01 1.505272037590456762e+02 -2.400026992439701345e+01 -4.994862298391240962e+00 -1.619981234146783606e+02 -1.048039128656338193e+02
2.280757015643813546e+01 1.471846148514722756e+02 -2.612228932522356217e+01 -5.570729862382837183e+00 -1.667814475953503575e+02 -1.036383770636978170e+02
2.268591653037091760e+01 1.437148742671892307e+02 -2.822963433783626996e+01 -6.281667783598336108e+00 -1.716698374484364820e+02 -1.023080418240303260e+02
2.254574024524810838e+01 1.401142149083988215e+02 -3.031880025640163012e+01 -7.168917785586784497e+00 -1.766569698348535553e+02 -1.008163233559799750e+02
2.238813506095168293e+01 1.364086531431143499e+02 -3.237471405802798330e+01 -8.185773317007257077e+00 -1.817570563066705631e+02 -9.915114171485100769e+01
2.221494069949202910e+01 1.326316512058016883e+02 -3.437941064055910800e+01 -9.263540757796324243e+00 -1.869894420887445108e+02 -9.729654291743644023e+01
2.202799688287953117e+01 1.288166713309267095e+02 -3.631492490183875077e+01 -1.033352648789054662e+01 -1.923734724059322332e+02 -9.523657298052935971e+01
2.182914333312456279e+01 1.249971757529552576e+02 -3.816329173971073629e+01 -1.132703688722652302e+01 -1.979284924830908494e+02 -9.295527792092276798e+01
2.161900467304231910e+01 1.211906987309276218e+02 -3.991200064049093044e+01 -1.220082106763949881e+01 -2.036752072653364394e+02 -9.042441017681038318e+01
2.139334512866712501e+01 1.173510626221811890e+02 -4.157035944438359110e+01 -1.301339906855943873e+01 -2.096397605788212957e+02 -8.756654787198829126e+01
2.114671382683813050e+01 1.134161618086277059e+02 -4.315313058006505287e+01 -1.384873366131499317e+01 -2.158496559699568706e+02 -8.429197555165320921e+01
2.087365989439447489e+01 1.093238906721789903e+02 -4.467507647621170008e+01 -1.479078761723481783e+01 -2.223323969851547020e+02 -8.051097776100189662e+01
2.056873245817528328e+01 1.050121435947466608e+02 -4.615095956149983181e+01 -1.592352370764755065e+01 -2.291154871708261567e+02 -7.613383904523099943e+01
2.022722615842574712e+01 1.004339356248074466e+02 -4.758772437180196135e+01 -1.731134140490889450e+01 -2.362145726542040620e+02 -7.107562017391357756e+01
1.984741768901523429e+01 9.560276447709733816e+01 -4.896104387177494033e+01 -1.894038698548271427e+01 -2.435978698858068583e+02 -6.527048681412783537e+01
1.942832925721916482e+01 9.054724853291736508e+01 -5.023877313327178484e+01 -2.077724342685992909e+01 -2.512217378969743322e+02 -5.865738085732827756e+01
1.896898307031295161e+01 8.529600617356844339e+01 -5.138876722814548259e+01 -2.278849370653144746e+01 -2.590425357190462705e+02 -5.117524419496942301e+01
1.846840133557200758e+01 7.987765578035153169e+01 -5.237888122824903547e+01 -2.494072080198819208e+01 -2.670166223833624031e+02 -4.276301871850576219e+01
1.792557846409178168e+01 7.431727649495650212e+01 -5.317728531321126439e+01 -2.720451096254688395e+01 -2.750461433220262961e+02 -3.332185964778702214e+01
1.733939768224777822e+01 6.862579050062865349e+01 -5.375341009376443679e+01 -2.956646352482768947e+01 -2.828163895701975434e+02 -2.260177551624290260e+01
1.670871442023551978e+01 6.281058074100222655e+01 -5.407700128841656806e+01 -3.201718109727649875e+01 -2.899584385637988362e+02 -1.031498818569847309e+01
1.603238410825054316e+01 5.687903015971151177e+01 -5.411780461567573042e+01 -3.454726628833926583e+01 -2.961033677387533771e+02 3.826280482021270135e+00
1.530926217648837806e+01 5.083852170039074991e+01 -5.384556579404999610e+01 -3.714732170646192344e+01 -3.008822545309841985e+02 2.010980862509133260e+01
1.453838773473407464e+01 4.470468383569349413e+01 -5.323081851435286183e+01 -3.978783838821193086e+01 -3.039181183326750784e+02 3.863686556383765947e+01
1.371953461113074191e+01 3.852612715435049040e+01 -5.224724835661950806e+01 -4.235886108264277539e+01 -3.048017463610521531e+02 5.876268534718986558e+01
1.285266031341100401e+01 3.235970777411180421e+01 -5.086932887319056107e+01 -4.473032296692945664e+01 -3.031158677896020208e+02 7.965599320622851565e+01
1.193772234930749043e+01 2.626228181272747975e+01 -4.907153361640666844e+01 -4.677215721824700978e+01 -2.984432117918116774e+02 1.004855143720341744e+02
1.097467822655282177e+01 2.029070538794757184e+01 -4.682833613860839961e+01 -4.835429701377039891e+01 -2.903665075411676639e+02 1.204199740756873638e+02
9.967221555293042101e+00 1.450273987778683349e+01 -4.413452517376462936e+01 -4.937746907688476483e+01 -2.786983157414429684e+02 1.387248674348210216e+02
8.933990355327839694e+00 8.959767701318758881e+00 -4.106615018235694237e+01 -4.986557431581555733e+01 -2.641705232175550009e+02 1.550527691132773782e+02
7.897358748870313860e+00 3.724076537881551019e+00 -3.771957580649516473e+01 -4.987330718499838156e+01 -2.477448483247071351e+02 1.691530236614510443e+02
6.879700858133567465e+00 -1.142045933186603079e+00 -3.419116668828908701e+01 -4.945536213886877874e+01 -2.303830094181027448e+02 1.807749756297365593e+02
5.903390805330702484e+00 -5.576312032547503073e+00 -3.057728746984854240e+01 -4.866643363186234694e+01 -2.130467248529454025e+02 1.896679695685285196e+02
4.985096967162720105e+00 -9.538728443821906211e+00 -2.695435341987522904e+01 -4.756212401465682404e+01 -1.965216585087574970e+02 1.957006352884947660e+02
4.118664738282204141e+00 -1.307847930246634682e+01 -2.331898231343835448e+01 -4.620166722289842909e+01 -1.808892563623366811e+02 1.992187436413953776e+02
3.292233767829646052e+00 -1.626704310689632749e+01 -1.964784255219905518e+01 -4.464520508847564884e+01 -1.660549099147998220e+02 2.006873507392640192e+02
2.493943704945529305e+00 -1.917589835552733746e+01 -1.591760253781842849e+01 -4.295287944327685636e+01 -1.519240106672635591e+02 2.005715126941340145e+02
1.711934198770340254e+00 -2.187652354677484823e+01 -1.210493067195758599e+01 -4.118483211919046028e+01 -1.384019501208445320e+02 1.993362856180386871e+02
9.374821822125365411e-01 -2.442515661557807505e+01 -8.198271255391389900e+00 -3.939304588126145035e+01 -1.254215163801063255e+02 1.973816503262462163e+02
1.744137232523412240e-01 -2.681707324297144979e+01 -4.233172185349079797e+00 -3.759686722716077867e+01 -1.130250839633977620e+02 1.948472864469630679e+02
-5.703078263620166011e-01 -2.903230854651297221e+01 -2.569572581738261419e-01 -3.580748358771601403e+01 -1.012824239925150067e+02 1.918077983116304210e+02
-1.289719114882324824e+00 -3.105089764376072736e+01 3.683049729791297189e+00 -3.403608239375468258e+01 -9.026330758925396935e+01 1.883377902516893982e+02
-1.976856790560372668e+00 -3.285287565227280737e+01 7.539524982203214876e+00 -3.229385107610435313e+01 -8.003750587541061634e+01 1.845118665985812072e+02
-2.626325711927898432e+00 -3.442529365811973463e+01 1.127457956848866871e+01 -3.059235074286926803e+01 -7.064453504249392779e+01 1.804013369717644366e+02
-3.239003578636443059e+00 -3.578326662142197279e+01 1.488806402115369742e+01 -2.894463721126057720e+01 -6.200289156086541453e+01 1.760643321427672845e+02
-3.817336300617502065e+00 -3.694892547081246903e+01 1.838926373847416684e+01 -2.736413997576616097e+01 -5.400081697059965791e+01 1.715556881711356425e+02
-4.363769787802567635e+00 -3.794440113492412792e+01 2.178746411872594990e+01 -2.586428853087389612e+01 -4.652655281177126767e+01 1.669302411164152602e+02
-4.880749950123130176e+00 -3.879182454238987532e+01 2.509195056018489112e+01 -2.445851237107164522e+01 -3.946834062445482516e+01 1.622428270381517450e+02
-5.370378273644583089e+00 -3.951005941025329093e+01 2.831071096646422092e+01 -2.315309918451234594e+01 -3.273218318796131143e+01 1.575397823565315036e+02
-5.833378548967902866e+00 -4.010490060920042055e+01 3.144654326252651444e+01 -2.192576943400911560e+01 -2.629512823854713943e+01 1.528334449343020367e+02
-6.270130142827968101e+00 -4.057887579832796376e+01 3.450094787867170254e+01 -2.074710177604014305e+01 -2.015198475170512182e+01 1.481276529948516156e+02
-6.681012421959652059e+00 -4.093451263673259888e+01 3.747542524519972318e+01 -1.958767486708359229e+01 -1.429756170292803752e+01 1.434262447615682277e+02
-7.066404753097831559e+00 -4.117433878351101839e+01 4.037147579241048589e+01 -1.841806736361764507e+01 -8.726668067708695631e+00 1.387330584578400874e+02
-7.426544755945399423e+00 -4.130189231909192671e+01 4.318759832290855627e+01 -1.721917341481404407e+01 -3.436149744689280805e+00 1.340590592011395756e+02
-7.761103062077315151e+00 -4.132475300923194794e+01 4.591028512851683985e+01 -1.601314914061872940e+01 1.568999674890445339e+00 1.294437196852761645e+02
-8.069608556036554248e+00 -4.125151104101973942e+01 4.852302687336287335e+01 -1.483246615367121457e+01 6.281749676641319446e+00 1.249336394981435490e+02
-8.351590122366085112e+00 -4.109075660154393006e+01 5.100931422157415085e+01 -1.370959606661100061e+01 1.069506974617418571e+01 1.205754182276354527e+02
-8.606576645608889464e+00 -4.085107987789315587e+01 5.335263783727820197e+01 -1.267701049207760100e+01 1.480192936909988433e+01 1.164156554616455850e+02
-8.834789018935241600e+00 -4.053935755211252712e+01 5.554439280207692065e+01 -1.175480531173783838e+01 1.861081848078163148e+01 1.124773638232590258e+02
-9.039216170024607422e+00 -4.015561228607280952e+01 5.760759186746929572e+01 -1.091357348336777022e+01 2.219230881559208157e+01 1.086892080763257127e+02
-9.223539035183765833e+00 -3.969815323660129280e+01 5.957315220242882248e+01 -1.011153223377079335e+01 2.563249255765629542e+01 1.049562660198871527e+02
-9.391438550719483302e+00 -3.916528956052519561e+01 6.147199097592886119e+01 -9.306898789750281509e+00 2.901746189109930540e+01 1.011836154529846112e+02
-9.546595652938531629e+00 -3.855533041467175792e+01 6.333502535694277924e+01 -8.457890378109613749e+00 3.243330900004613682e+01 9.727633417465943921e+01
-9.691727723573670517e+00 -3.786740822368114578e+01 6.518454305382280722e+01 -7.534701205152929404e+00 3.593708188271185833e+01 9.316553777725528107e+01
-9.825697926061637943e+00 -3.710394848344500929e+01 6.700831393243664991e+01 -6.555433395187228562e+00 3.946965179367218468e+01 8.888649302632445881e+01
-9.946405869265145583e+00 -3.626819995766791749e+01 6.878547839803071895e+01 -5.550166052020308882e+00 4.294284580159265374e+01 8.450050448072161657e+01
-1.005175116204691399e+01 -3.536341141005444655e+01 7.049517685585145443e+01 -4.548978279459944041e+00 4.626849097513890996e+01 8.006887669930145535e+01
-1.013963341326966727e+01 -3.439283160430917974e+01 7.211654971114538171e+01 -3.581949181313911712e+00 4.935841438297661909e+01 7.565291424091863348e+01
-1.020832595871252124e+01 -3.335985514526031182e+01 7.363327387705305682e+01 -2.671056063622568644e+00 5.215455958096422506e+01 7.130356388243620813e+01
-1.025759704182019050e+01 -3.226846000223066113e+01 7.504717229829175551e+01 -1.805869041356601201e+00 5.471933607373147623e+01 6.703034127275114429e+01
-1.028758863295379555e+01 -3.112276998566669306e+01 7.636460442747295474e+01 -9.678564317192788202e-01 5.714526985310097729e+01 6.283240427876887679e+01
-1.029844270247445159e+01 -2.992690890601486231e+01 7.759192971720804621e+01 -1.384865519138698819e-01 5.952488691089529027e+01 5.870891076739481917e+01
-1.029030122074327025e+01 -2.868500057372161649e+01 7.873550762010843584e+01 7.007722808563566774e-01 6.195071323893697723e+01 5.465901860553435654e+01
-1.026335875137504594e+01 -2.739968597147941409e+01 7.980053771901293658e+01 1.563797517132486492e+00 6.448980280195216608e+01 5.067640301690360616e+01
-1.021802023099924561e+01 -2.606767477096465413e+01 8.078758011766946368e+01 2.445849678433020813e+00 6.710732145628101364e+01 4.673280865246128002e+01
-1.015474318949901367e+01 -2.468419381609971808e+01 8.169603505005331101e+01 3.337535054020815295e+00 6.974296303116723550e+01 4.279449751997680806e+01
-1.007398515675748740e+01 -2.324446995080698741e+01 8.252530275013971561e+01 4.229459933158725704e+00 7.233642135585449751e+01 3.882773162721958471e+01
-9.976203662657809446e+00 -2.174373001900885072e+01 8.327478345190397135e+01 5.112230605109605364e+00 7.482739025958650814e+01 3.479877298195903279e+01
-9.862095209248755268e+00 -2.018092080396643340e+01 8.394372108871988303e+01 5.976500031571283955e+00 7.716930219133426760e+01 3.068659230948289718e+01
-9.733312187241601521e+00 -1.856986884629575840e+01 8.453073439155501489e+01 6.813107863981467283e+00 7.937054407897798569e+01 2.652099520515229969e+01
-9.591745959513257702e+00 -1.692812062595160683e+01 8.503428579077557004e+01 7.612940426212836620e+00 8.145324147012519234e+01 2.234449598184673036e+01
-9.439287888940631532e+00 -1.527322262288872246e+01 8.545283771674759521e+01 8.366884042138069688e+00 8.343951991238337484e+01 1.819960895244562948e+01
-9.277829338400632508e+00 -1.362272131706188460e+01 8.578485259983723665e+01 9.065825035629847761e+00 8.535150495336006315e+01 1.412884842982848888e+01
-9.108449936421274984e+00 -1.198739297394160275e+01 8.602928160561043569e+01 9.706950911402032034e+00 8.720855575308823404e+01 1.015546738043551933e+01
-8.928982374134958988e+00 -1.035093300106134429e+01 8.618703084043207241e+01 1.031265389753320250e+01 8.901896592130231056e+01 6.225673384949916844e+00
-8.736447608325203618e+00 -8.690266591470344082e+00 8.625949514586697831e+01 1.091162740294313060e+01 9.078826268016233314e+01 2.266412677615647464e+00
-8.527866595775519087e+00 -6.982318938217817461e+00 8.624806936347981434e+01 1.153256483655158249e+01 9.252197325182818588e+01 -1.795368507323342078e+00
-8.300260293269406731e+00 -5.204015234352983299e+00 8.615414833483526991e+01 1.220415960727831539e+01 9.422562485845978131e+01 -6.032723935623097056e+00
-8.051378406790679065e+00 -3.338680685801215020e+00 8.597823389273565908e+01 1.294568585656312898e+01 9.590275713600073004e+01 -1.049588247979675337e+01
-7.781885639124354270e+00 -1.395240549992526446e+00 8.571725583493341105e+01 1.373874065592591087e+01 9.754895937552930718e+01 -1.514377343938572196e+01
-7.493175442255721741e+00 6.109799027670520521e-01 8.536725095041838074e+01 1.455550180940661953e+01 9.915783328190745749e+01 -1.991250122068879236e+01
-7.186641268170093078e+00 2.664655402171360876e+00 8.492425602818047992e+01 1.536814712104516722e+01 1.007229805599971115e+02 -2.473817023000446724e+01
-6.863676568852778104e+00 4.750460677914282392e+00 8.438430785720973404e+01 1.614885439488149288e+01 1.022380029146602283e+02 -2.955688487363135053e+01
-6.525562901048445497e+00 6.855834265551426832e+00 8.374413423463116146e+01 1.687865348160560330e+01 1.036968798228859896e+02 -3.432558885896928302e+01
-6.173134240539238426e+00 8.979269924085311771e+00 8.300322699011059058e+01 1.757398241850785681e+01 1.050951018501727532e+02 -3.908458309782309215e+01
-5.807112667866663358e+00 1.112202521838018754e+01 8.216176896144908426e+01 1.826013128952869380e+01 1.064285373341461849e+02 -4.389500780309890615e+01
-5.428220263572231197e+00 1.328535771330030357e+01 8.121994298644762011e+01 1.896239017860856535e+01 1.076930546124319790e+02 -4.881800318770281422e+01
-5.037179108197443078e+00 1.547052497370990309e+01 8.017793190290718996e+01 1.970604916968790477e+01 1.088845220226556876e+02 -5.391470946454088420e+01
-4.633947288270554132e+00 1.767906398327417961e+01 7.903434217478809387e+01 2.051033578132379986e+01 1.100006836265260262e+02 -5.923285316685782220e+01
-4.215426914266775071e+00 1.991362940086208155e+01 7.778147477068756643e+01 2.137022727053989257e+01 1.110467863820834680e+02 -6.476650610925258889e+01
-3.777756102648061276e+00 2.217715530414350411e+01 7.641005428536212207e+01 2.227463832897647933e+01 1.120299529714514790e+02 -7.049632642666277604e+01
-3.317072969876367239e+00 2.447257577078833179e+01 7.491080531356827521e+01 2.321248364827384236e+01 1.129573060767535537e+02 -7.640297225402591152e+01
-2.829515632413647008e+00 2.680282487846645978e+01 7.327445245006251184e+01 2.417267792007227101e+01 1.138359683801131581e+02 -8.246710172627955160e+01
-2.313120123872502099e+00 2.916665024755176816e+01 7.149667861188144968e+01 2.514524260680225254e+01 1.146683686942645153e+02 -8.867075182268759193e+01
-1.773514146468110342e+00 3.154605366923405185e+01 6.959300000518196327e+01 2.612462625405497718e+01 1.154381603543845358e+02 -9.500147489981897309e+01
-1.218223319566299701e+00 3.391885047740710490e+01 6.758389115840108730e+01 2.710638417821187218e+01 1.161243028262608874e+02 -1.014482021585689893e+02
-6.547732625328932521e-01 3.626285600596470005e+01 6.548982659997572853e+01 2.808607169565431860e+01 1.167057555756811809e+02 -1.079998647998328920e+02
-9.068959473371758506e-02 3.855588558880062067e+01 6.333128085834294296e+01 2.905924412276372237e+01 1.171614780684331123e+02 -1.146453940245059613e+02
4.694328373110668307e-01 4.078432971552421549e+01 6.111804578692790102e+01 3.002304235086758410e+01 1.174706352211496068e+02 -1.213945403793172630e+02
1.032722278463957144e+00 4.296887949860693823e+01 5.881718253910846528e+01 3.098094957107772274e+01 1.176132137538445050e+02 -1.283403317943306661e+02
1.609237746433115568e+00 4.513880120623585412e+01 5.638506959325081880e+01 3.193803454945210518e+01 1.175694058373771185e+02 -1.355966155454441093e+02
2.209038258926704135e+00 4.732336110659797868e+01 5.377808542772105938e+01 3.289936605204865572e+01 1.173194036426065594e+02 -1.432772389085552618e+02
2.842182833652882934e+00 4.955182546788031317e+01 5.095260852088526349e+01 3.387001284492528441e+01 1.168433993403919970e+02 -1.514960491595617782e+02
3.516091566004889035e+00 5.184337346845696004e+01 4.787435491619387307e+01 3.485370851742899134e+01 1.161118145207988022e+02 -1.603353448307793769e+02
4.227628862116237229e+00 5.417683592745017762e+01 4.454639091743455737e+01 3.584884595206298741e+01 1.150559884507169528e+02 -1.697512294801950645e+02
4.971020205805562142e+00 5.652095657416938224e+01 4.098112039347906688e+01 3.685248285461953088e+01 1.135974898162423727e+02 -1.796682579222141953e+02
5.740491080891451325e+00 5.884447913792386231e+01 3.719094721319936525e+01 3.786167693089088004e+01 1.116578873034711989e+02 -1.900109849712416690e+02
6.530266971192512315e+00 6.111614734802297733e+01 3.318827524546734509e+01 3.887348588666929317e+01 1.091587495984994973e+02 -2.007039654416824987e+02
7.336112377751518920e+00 6.330913189255689133e+01 2.897929555934789292e+01 3.988896250200878768e+01 1.060049278742482812e+02 -2.117566354786430338e+02
8.159947870507936685e+00 6.541431129473900796e+01 2.454534802467784615e+01 4.092513985401038212e+01 1.020344032509384107e+02 -2.235179565500346541e+02
9.005233036625405418e+00 6.742699103656362070e+01 1.986155971148703614e+01 4.200304609403688261e+01 9.706843933561577842e+01 -2.364217714544700186e+02
9.875427463267559602e+00 6.934247660002498037e+01 1.490305768980528534e+01 4.314370937345108814e+01 9.092829973532622034e+01 -2.509019229905618715e+02
1.077399073759803905e+01 7.115607346711733783e+01 9.644969029662425086e+00 4.436815784361576931e+01 8.343524805711562919e+01 -2.673922539569228434e+02
1.170145860559164852e+01 7.284408626337702231e+01 4.064970385866191194e+00 4.563824500005007678e+01 7.425773611465140789e+01 -2.859599648435365680e+02
1.264667144846772473e+01 7.430681618850854875e+01 -1.849063247662999787e+00 4.667912571489836182e+01 6.245296854808927378e+01 -3.052056869058676511e+02
1.359554580625689013e+01 7.542556358575858155e+01 -8.106707292227611106e+00 4.715678020446141261e+01 4.692533820420493385e+01 -3.233634090907538621e+02
1.453399821898960376e+01 7.608162879837369985e+01 -1.471753716912901133e+01 4.673718868503996049e+01 2.657923792977666011e+01 -3.386671203450299572e+02
1.544794522669645076e+01 7.615631216960053962e+01 -2.169112829966940836e+01 4.508633137293480075e+01 3.190605715807185438e-01 -3.493508096155331373e+02
1.632255564245828339e+01 7.556101173824804107e+01 -2.899782902303897458e+01 4.199286781955304093e+01 -3.222365581480073615e+01 -3.540046840883337040e+02
1.714000737155686238e+01 7.432751632537438979e+01 -3.645107934997854215e+01 3.773617491672828805e+01 -6.850879233855370387e+01 -3.526438239064364666e+02
1.788173059232439854e+01 7.251771244760006141e+01 -4.382509220911818915e+01 3.271830889140007770e+01 -1.052690849000633051e+02 -3.456395274520805856e+02
1.852915548309293214e+01 7.019348662154568785e+01 -5.089408052908665070e+01 2.734132597050869151e+01 -1.392372693997083957e+02 -3.333630931075056196e+02
1.906371222219463135e+01 6.741672536383154579e+01 -5.743225723851394804e+01 2.200728238099355139e+01 -1.671460817378738000e+02 -3.161858192549495357e+02
1.947277918917710693e+01 6.425124174033300051e+01 -6.326805892967290390e+01 1.705516939222832562e+01 -1.865460903619029978e+02 -2.946687645709322965e+02
1.976752756845015213e+01 6.076855501394305037e+01 -6.844681684941339483e+01 1.257171844331904076e+01 -1.982591939069986609e+02 -2.701320289090862730e+02
1.996507674563901347e+01 5.704211099680983921e+01 -7.306808590822825522e+01 8.580596015805888044e+00 -2.039251235553244328e+02 -2.440854724173270540e+02
2.008254610636900495e+01 5.314535550108094242e+01 -7.723142101661127867e+01 5.105468591228309094e+00 -2.051836104890458898e+02 -2.180389552435659937e+02
2.013705503626538729e+01 4.915173433890451093e+01 -8.103637708505540616e+01 2.170002651126400561e+00 -2.036743858903274713e+02 -1.935023375357187660e+02
2.014388154372293727e+01 4.512795358212547114e+01 -8.456401879215790984e+01 -2.219705647636292523e-01 -2.007929054674140730e+02 -1.716612326969453477e+02
2.011093812821431115e+01 4.111376034137892077e+01 -8.782144988892957826e+01 -2.145960783918393844e+00 -1.969575230328707676e+02 -1.524042671514042127e+02
2.004429591198165639e+01 3.714216198699669036e+01 -9.079728389448547432e+01 -3.697312975618216147e+00 -1.923423169253422884e+02 -1.352958205784989048e+02
1.995002601726712754e+01 3.324616588931128547e+01 -9.348013432794002142e+01 -4.971372109143107565e+00 -1.871213654834739657e+02 -1.199002726576361511e+02
1.983419956631284720e+01 2.945877941865451533e+01 -9.585861470840814036e+01 -6.063483153773332468e+00 -1.814687470459103054e+02 -1.057820030682197370e+02
1.970192695584327680e+01 2.580711563138994080e+01 -9.792737470671107758e+01 -7.052067420710066870e+00 -1.755394464801509855e+02 -9.257220240195373151e+01
1.955447568051199525e+01 2.229471032800462993e+01 -9.970520860049714429e+01 -7.947851588839158765e+00 -1.694120747691113422e+02 -8.016930489972978080e+01
1.939215250945490254e+01 1.891920499501734554e+01 -1.012169468191209774e+02 -8.744638678967410428e+00 -1.631461494245619690e+02 -6.853855571473931718e+01
1.921526421180788446e+01 1.567824111894625005e+01 -1.024874197919375831e+02 -9.436231711901781338e+00 -1.568011879582723509e+02 -5.764520000017174084e+01
1.902411755670683391e+01 1.256946018631008144e+01 -1.035414579483016126e+02 -1.001643370844908354e+01 -1.504367078820130530e+02 -4.745448290921835621e+01
1.881917021370800214e+01 9.590426192584972753e+00 -1.044009383677816771e+02 -1.048439784536956232e+01 -1.440990226490773978e+02 -3.792350296029046319e+01
1.860148345404914849e+01 6.738393169079436973e+00 -1.050759247308007929e+02 -1.086067792323656001e+01 -1.377816294788547964e+02 -2.897677213268835672e+01
1.837226944938837647e+01 4.010537656059438127e+00 -1.055735273679957658e+02 -1.117117789857680421e+01 -1.314648215322575027e+02 -2.053065577093254745e+01
1.813274037138381800e+01 1.404036193791426745e+00 -1.059008566100033306e+02 -1.144180172791695682e+01 -1.251288919701988362e+02 -1.250151921954505596e+01
1.788410839169356947e+01 -1.083934677458616269e+00 -1.060650227874602791e+02 -1.169845336778373834e+01 -1.187541339535909088e+02 -4.805727823046461289e+00
1.762803141067236723e+01 -3.453606589712713060e+00 -1.060738925799567198e+02 -1.195964927509048259e+01 -1.123285793745060062e+02 2.622331713214922644e+00
1.736795024346123739e+01 -5.694843864147026480e+00 -1.059383580628962704e+02 -1.221435590829726792e+01 -1.058712150496512265e+02 9.776187240586384775e+00
1.710775143389781405e+01 -7.794918994226153863e+00 -1.056700676606358513e+02 -1.244415222625081974e+01 -9.940876652689254911e+01 1.663134524958882210e+01
1.685132152581975973e+01 -9.741104473414411657e+00 -1.052806697975324539e+02 -1.263061718779785281e+01 -9.296795935409687672e+01 2.316331223074222478e+01
1.660254706306468009e+01 -1.152067279517647691e+01 -1.047818128979430270e+02 -1.275532975178510853e+01 -8.657551907912996114e+01 2.934759467456775894e+01
1.636390958939045959e+01 -1.312629605725031823e+01 -1.041822399177202101e+02 -1.280555028492830161e+01 -8.024555661897689163e+01 3.517770626970312264e+01
1.613227064823581003e+01 -1.457224477446867184e+01 -1.034790719386992066e+02 -1.279126478541916612e+01 -7.394172436709449414e+01 4.071918949725768044e+01
1.590308678295969180e+01 -1.587818906593763302e+01 -1.026665245742109676e+02 -1.272814065931842009e+01 -6.761506008605893214e+01 4.605559403645739280e+01
1.567181453692104398e+01 -1.706379905076353509e+01 -1.017388134375863302e+02 -1.263184531268679045e+01 -6.121660153844528196e+01 5.127046956652924337e+01
1.543391045347883050e+01 -1.814874484805249111e+01 -1.006901541421562882e+02 -1.251804615158500589e+01 -5.469738648682972837e+01 5.644736576669924233e+01
1.518617535477402392e+01 -1.914656053915800982e+01 -9.951663558114317709e+01 -1.239978203012450919e+01 -4.801792606031450816e+01 6.164802890981276562e+01
1.493078717807579814e+01 -2.004623605442217027e+01 -9.822183976733573729e+01 -1.227957759461965104e+01 -4.117662485411185003e+01 6.684699164318794828e+01
1.467126813943533925e+01 -2.083062528643441524e+01 -9.681122199341412227e+01 -1.215732893943549797e+01 -3.418136082996002756e+01 7.199698320776231242e+01
1.441114045490387241e+01 -2.148258212778404896e+01 -9.529023755205864177e+01 -1.203293215893712365e+01 -2.704001194959851517e+01 7.705073284447246351e+01
1.415392634053257126e+01 -2.198496047106047158e+01 -9.366434173594934975e+01 -1.190628334748959105e+01 -1.976045617476552252e+01 8.196096979425584550e+01
1.390270137231478209e+01 -2.232391119585465233e+01 -9.193910723799614004e+01 -1.177444950526942513e+01 -1.234704832720373169e+01 8.669108230636842904e+01
1.365875456601225402e+01 -2.249877312976408561e+01 -9.012057635202675954e+01 -1.162318125569890093e+01 -4.790050668667198863e+00 9.124709466334425656e+01
1.342292829732890169e+01 -2.251218208738787041e+01 -8.821490877209869552e+01 -1.143540012801175898e+01 2.923797679085530898e+00 9.564569015603585456e+01
1.319606494196860424e+01 -2.236677388332511640e+01 -8.622826419226922212e+01 -1.119402765144172029e+01 1.080775759429726257e+01 9.990355207529663062e+01
1.297900687563526390e+01 -2.206518433217494390e+01 -8.416680230659589768e+01 -1.088198535522253430e+01 1.887508995520941468e+01 1.040373637119790828e+02
1.277238724178337215e+01 -2.160676396332537053e+01 -8.203394678495307346e+01 -1.048517705443742543e+01 2.715878376517628112e+01 1.080667887322584022e+02
1.257600225486989309e+01 -2.097772216532022682e+01 -7.982217720048409149e+01 -1.000143570756777578e+01 3.577074052799645898e+01 1.120234123035960323e+02
1.238943889710237123e+01 -2.016098304149222287e+01 -7.752123710214910091e+01 -9.431576558944412270e+00 4.484258987258154150e+01 1.159417999687761238e+02
1.221228415068838657e+01 -1.913947069517415045e+01 -7.512087003890866299e+01 -8.776414852898257735e+00 5.450596142784150544e+01 1.198565172705819890e+02
1.204412499783548007e+01 -1.789610922969866635e+01 -7.261081955972287005e+01 -8.036765833760121325e+00 6.489248482268801865e+01 1.238021297517976791e+02
1.188535892464295074e+01 -1.641941781897779862e+01 -6.998903128311113164e+01 -7.214211729782577187e+00 7.607001617507025060e+01 1.277779786453881741e+02
1.173962543277694337e+01 -1.472029591924012060e+01 -6.728625910582800884e+01 -6.313402704904651053e+00 8.785131755909583262e+01 1.316425079450453381e+02
1.161137452779532531e+01 -1.281523805729333176e+01 -6.454145899418685417e+01 -5.339755906986991540e+00 9.998537753791180194e+01 1.352189373346425896e+02
1.150505621525597988e+01 -1.072073875994539982e+01 -6.179358691450141805e+01 -4.298688483890381384e+00 1.122211846746635615e+02 1.383304864980529771e+02
1.142512050071677088e+01 -8.453292554003935422e+00 -5.908159883308496774e+01 -3.195617583475420798e+00 1.243077275324986459e+02 1.408003751191500896e+02
1.137518775417542116e+01 -6.015664757600461598e+00 -5.642919075805954776e+01 -2.021855080796189252e+00 1.362152579639734995e+02 1.425257016518084754e+02
1.135555980338900284e+01 -3.355703854160177801e+00 -5.379901886477984618e+01 -7.122917596797004869e-01 1.487990809792908635e+02 1.436990796299092494e+02
1.136570884055443109e+01 -4.075291184322666349e-01 -5.113847937040933544e+01 8.122868688535228587e-01 1.631357648780622753e+02 1.445870013573347990e+02
1.140510705786862644e+01 2.894740174834594448e+00 -4.839496849211100482e+01 2.631095293783213496e+00 1.803018779599017876e+02 1.454559591379677101e+02
1.147322664752849875e+01 6.616984750891166556e+00 -4.551588244704834096e+01 4.823348004088804153e+00 2.013739885244205539e+02 1.465724452756903418e+02
1.157418620175653956e+01 1.082080817372491488e+01 -4.248653756861387620e+01 7.473742978777032420e+00 2.268685477653851592e+02 1.476916135174575402e+02
1.173068991287745533e+01 1.555070536226689448e+01 -3.944393065511891905e+01 1.068891215696197960e+01 2.550615384531660936e+02 1.465232633825129653e+02
1.197008837324156616e+01 2.084689407418504103e+01 -3.656297862110382368e+01 1.458097096778520729e+01 2.836688262522908417e+02 1.402658558331726510e+02
1.231973217519913533e+01 2.674959206714638782e+01 -3.401859838110945589e+01 1.926203484038763136e+01 3.104062768272816584e+02 1.261178518317532138e+02
1.280697191110048649e+01 3.329901709881895755e+01 -3.198570684967620181e+01 2.484421920391093153e+01 3.329897558426656587e+02 1.012777123405693231e+02
1.344963085595628094e+01 4.048338101052920734e+01 -3.061253906395202407e+01 3.129979540316495701e+01 3.494339621770059239e+02 6.428872569508041579e+01
1.422742301541893895e+01 4.808287197824285641e+01 -2.994060255151321570e+01 3.804165844563684828e+01 3.589489275650292939e+02 1.907348972330445847e+01
1.511053507780116867e+01 5.582567226158381857e+01 -2.998472296254340108e+01 4.434285925448165244e+01 3.610435169555003085e+02 -2.910057037359234400e+01
1.606915373141582748e+01 6.343996412017740028e+01 -3.075972594722617970e+01 4.947644875285557475e+01 3.552265952971848719e+02 -7.496602939445179459e+01
1.707346566457560399e+01 7.065392981364750824e+01 -3.228043715574503381e+01 5.271547786391379731e+01 3.410070275388488312e+02 -1.132554621381076458e+02
1.809587764952282285e+01 7.724594344613994679e+01 -3.453050954261819072e+01 5.355662050472364655e+01 3.184394354191722414e+02 -1.399827109830723089e+02
1.911767679421743438e+01 8.319514649988133215e+01 -3.736890527970147247e+01 5.239104256799745940e+01 2.897614678365009127e+02 -1.562866886265379662e+02
2.012237029054903914e+01 8.853087230162002186e+01 -4.062341384318571613e+01 4.983353294035904213e+01 2.577565304790921346e+02 -1.645875753453720733e+02
2.109346533040705296e+01 9.328245417810333606e+01 -4.412182470926116906e+01 4.649888050843242837e+01 2.252080290352084262e+02 -1.673055514164397835e+02
2.201446910568106219e+01 9.747922545607947598e+01 -4.769192735411867545e+01 4.300187415884120412e+01 1.948993691931065371e+02 -1.668607971166072730e+02
2.287291653142195713e+01 1.011589677302400219e+02 -5.119055864338823625e+01 3.984962272321114085e+01 1.690340469260677025e+02 -1.653031836150612719e+02
2.367245341532663971e+01 1.043932556670539213e+02 -5.459074500045927891e+01 3.711851481317417978e+01 1.474959193474444703e+02 -1.632013456502713211e+02
2.442075328825344727e+01 1.072621122009341548e+02 -5.789456023816094898e+01 3.477725898536396443e+01 1.295889338556087864e+02 -1.607536088530275720e+02
2.512548968106065672e+01 1.098455602662933330e+02 -6.110407816932199410e+01 3.279456379641443675e+01 1.146170378489350838e+02 -1.581582988541204884e+02
2.579433612460663028e+01 1.122236227975446070e+02 -6.422137260677169479e+01 3.113913780295916922e+01 1.018841787257947260e+02 -1.556137412843402501e+02
2.643022557307240561e+01 1.144356062155025171e+02 -6.724327012094457245e+01 2.974482091851288601e+01 9.064317454211608549e+01 -1.531998601876015869e+02
2.701712867393019124e+01 1.163579508865894638e+02 -7.014560831269884034e+01 2.840597848411339399e+01 7.994232598404315127e+01 -1.505229732603157800e+02
2.753427549797483920e+01 1.178263806636294362e+02 -7.289897754049793832e+01 2.688210719767959844e+01 6.877880439527632461e+01 -1.470709966120190018e+02
2.796089611600131875e+01 1.186766193994466789e+02 -7.547396816280580367e+01 2.493270375713014531e+01 5.614978111951410966e+01 -1.423318463522467141e+02
2.827622059880450678e+01 1.187443909468652237e+02 -7.784117053808594733e+01 2.231726486038398249e+01 4.105242750045709954e+01 -1.357934385905352030e+02
2.846425422646180081e+01 1.179081412393155688e+02 -7.997356737079147138e+01 1.888565440176473587e+01 2.281549249324095285e+01 -1.271268175692594866e+02
2.852810311618037531e+01 1.162172045326537244e+02 -8.185371074933185298e+01 1.484920506121686401e+01 2.094035498754389657e+00 -1.167355400621548398e+02
2.847564859444990759e+01 1.137636371633419259e+02 -8.346654510810618888e+01 1.050961671508926365e+01 -2.012530647067971756e+01 -1.052062909757948574e+02
2.831477198776005011e+01 1.106394954678427069e+02 -8.479701488151322053e+01 6.168589239731548268e+00 -4.285589640273477130e+01 -9.312575521675486812e+01
2.805335462260044821e+01 1.069368357826181324e+02 -8.583006450395191678e+01 2.127822511492575508e+00 -6.511109728508807848e+01 -8.108061769160816823e+01
2.770115112542042368e+01 1.027596912266800899e+02 -8.655466485435037782e+01 -1.430033546957151458e+00 -8.608488960805951251e+01 -6.932337490423186921e+01
2.727540932250777672e+01 9.826000204923666104e+01 -8.697589258975389725e+01 -4.798528827664204854e+00 -1.056937238725586496e+02 -5.676976974770735751e+01
2.679525034011001949e+01 9.360168528204583538e+01 -8.710285081173691424e+01 -8.390263176353624175e+00 -1.240346680821378982e+02 -4.200135671241985591e+01
2.627979530447458956e+01 8.894865795686493470e+01 -8.694464262187395320e+01 -1.261783643875109284e+01 -1.412047902403531623e+02 -2.359969028875212160e+01
2.574816534184899908e+01 8.446483710545196288e+01 -8.651037112173951016e+01 -1.789384846058156953e+01 -1.573011583507570492e+02 -1.463249670898774668e-01
2.521621690660809634e+01 8.027909835392468096e+01 -8.581327284930075905e+01 -2.439151774957363727e+01 -1.723679605944322759e+02 2.871060292612051157e+01
2.468674776563647555e+01 7.638015170584365876e+01 -8.488311808809572767e+01 -3.132653746146588603e+01 -1.862378658625671335e+02 5.905662972017083945e+01
2.415929101394607770e+01 7.272166575912929432e+01 -8.375381055805505071e+01 -3.767521941400084984e+01 -1.986906632238796249e+02 8.591070990829359744e+01
2.363337974654892193e+01 6.925730911170263937e+01 -8.245925397910951915e+01 -4.241387542491990814e+01 -2.095061417470853655e+02 1.042917979837165348e+02
2.310854705845693502e+01 6.594075036148406355e+01 -8.103335207118971084e+01 -4.451881731196538539e+01 -2.184640905009020173e+02 1.092188484396710635e+02
2.258828395140713496e+01 6.274645703686701381e+01 -7.952234837092825614e+01 -4.333901992292829419e+01 -2.253963827748825395e+02 9.799064629365939538e+01
2.209191305403642147e+01 5.973209238813395672e+01 -7.802184568176457446e+01 -3.971411022579682992e+01 -2.303432287419290674e+02 7.702529866027407479e+01
2.164271490170676060e+01 5.697611859604031537e+01 -7.663978662384016616e+01 -3.485637821860881047e+01 -2.333969227957797159e+02 5.502074317838280848e+01
2.126397002978007578e+01 5.455699784134112207e+01 -7.548411381729631842e+01 -2.997811389940157056e+01 -2.346497593301733389e+02 4.067491748685032604e+01
2.097895897361827622e+01 5.255319230479144466e+01 -7.466276988227434686e+01 -2.629160726621246624e+01 -2.341940327388484206e+02 4.268575922454276395e+01
2.079847308692222185e+01 5.100765259894694736e+01 -7.422457680467330476e+01 -2.472886328279082946e+01 -2.320844713988488195e+02 6.698140884780946180e+01
2.068334699674831967e+01 4.982128306356419500e+01 -7.398187403342251400e+01 -2.510074677573145507e+01 -2.282255396204397186e+02 1.084108180829359895e+02
2.058192614849189894e+01 4.885947647020036300e+01 -7.368788038320896305e+01 -2.693783753734074438e+01 -2.224841356971919879e+02 1.590531414736858551e+02
2.044255598754826764e+01 4.798762559041237807e+01 -7.309581466871962618e+01 -2.977071535992526563e+01 -2.147271579226759002e+02 2.109875335638303682e+02
2.021358195931275858e+01 4.707112319575738013e+01 -7.195889570464154872e+01 -3.312996003579119986e+01 -2.048215045904626379e+02 2.562931488971320846e+02
1.986575054102556948e+01 4.601489948238823047e+01 -7.015549519984831761e+01 -3.662351848593806380e+01 -1.929480805666319156e+02 2.888754096819673691e+02
1.945941233730652442e+01 4.488203434484166365e+01 -6.806459643996073794e+01 -4.016880614613601352e+01 -1.805438170073046820e+02 3.099448087851272930e+02
1.907731898462029818e+01 4.377514510225019961e+01 -6.619033560478601430e+01 -4.376060558084868291e+01 -1.693596516411097070e+02 3.225381067380135391e+02
1.880222211943162236e+01 4.279684907374649327e+01 -6.503684887413164972e+01 -4.739369935453903793e+01 -1.611465221966778358e+02 3.296920640720244933e+02
1.871687337820516817e+01 4.204976357846302903e+01 -6.510827242780493407e+01 -5.106287003167067695e+01 -1.576553664026381227e+02 3.344434413185602466e+02
1.886496901932607528e+01 4.160004449832440088e+01 -6.664841066366527400e+01 -5.466423935569192594e+01 -1.595979580937678008e+02 3.391343962772950249e+02
1.913398378886118323e+01 4.136800196642278848e+01 -6.885974085178030180e+01 -5.769928578599303393e+01 -1.635294155294318159e+02 3.433286758210035714e+02
1.937233705479771828e+01 4.123748467864233902e+01 -7.068440848026941126e+01 -5.957082696094897045e+01 -1.649656930751417292e+02 3.458954240907348208e+02
1.942844818512296001e+01 4.109234133086722096e+01 -7.106455903725228040e+01 -5.968168051893518822e+01 -1.594227450964094430e+02 3.457037852275383898e+02
1.915073654782415957e+01 4.081642061898158147e+01 -6.894233801084847357e+01 -5.743466409832693387e+01 -1.424165259587473713e+02 3.416229033724634405e+02
1.844547969673836008e+01 4.033585123020289132e+01 -6.366708787990540941e+01 -5.254445032756682821e+01 -1.111081006378054212e+02 3.330141892426669301e+02
1.745038792910196079e+01 3.974588181708200096e+01 -5.621693908618336621e+01 -4.597313179536819661e+01 -6.923897654979630545e+01 3.212081198597375078e+02
1.636102972800105704e+01 3.918404102350307738e+01 -4.797721906216964527e+01 -3.899465608051098542e+01 -2.219577172106598084e+01 3.080274388213703674e+02
1.537297357652189334e+01 3.878785749335031596e+01 -4.033325524035283394e+01 -3.288297076177624234e+01 2.463489582203195738e+01 2.952948897252623510e+02
1.468178795775055789e+01 3.869485987050786946e+01 -3.467037505322020507e+01 -2.891202341794393149e+01 6.586640805315195735e+01 2.848332161691083684e+02
1.442978212166510055e+01 3.901173410162221700e+01 -3.200507045149843321e+01 -2.780126265638614669e+01 9.757970492768068027e+01 2.774217239964687565e+02
1.454622838581081012e+01 3.972179534438902238e+01 -3.187849145886663749e+01 -2.805214119883953927e+01 1.217259583279705311e+02 2.696659680343554442e+02
1.490713983462481806e+01 4.077751605926614786e+01 -3.346295261724249315e+01 -2.761161279563219750e+01 1.417238981181086501e+02 2.571280653556456173e+02
1.538852955254427357e+01 4.213136870671155521e+01 -3.593076846854366124e+01 -2.442663119709229491e+01 1.609922541621854748e+02 2.353701330332153816e+02
1.586641062400634183e+01 4.373582574718322746e+01 -3.845425355468791651e+01 -1.644415015354752541e+01 1.829497563242912292e+02 1.999542881399392513e+02
1.624324999775054934e+01 4.554176971679357422e+01 -4.036928986132063102e+01 -2.462487134506583963e+00 2.097265471615634169e+02 1.484368126346868735e+02
1.652733007972618040e+01 4.749372345427364905e+01 -4.166602914899920762e+01 1.531458551380393018e+01 2.382984200033439492e+02 8.635064802028179543e+01
1.675338714018490194e+01 4.953461987400877575e+01 -4.249819062200868558e+01 3.383193172597479048e+01 2.643525808720200416e+02 2.122290068554763565e+01
1.695615744937841640e+01 5.160739189038465469e+01 -4.301949348463431733e+01 5.003441543659983637e+01 2.835762357899835138e+02 -3.941932298070283736e+01
1.717037727755838361e+01 5.365497241778658122e+01 -4.338365694116119897e+01 6.086690058026995587e+01 2.916565907796223769e+02 -8.804891658964611167e+01
1.742255599276548850e+01 5.562836619684306072e+01 -4.372609273932250318e+01 6.417816087009843784e+01 2.858623625570241416e+02 -1.192394669254696993e+02
1.770629535419626421e+01 5.751086527315336383e+01 -4.410898280064308352e+01 6.143260913327765138e+01 2.697883106130645388e+02 -1.359673334643606211e+02
1.800697021883629034e+01 5.929383351855992856e+01 -4.457620159009587013e+01 5.499856797552025967e+01 2.486107051323148767e+02 -1.433095688555120262e+02
1.830995544367107541e+01 6.096863480490487319e+01 -4.517162357265369366e+01 4.724436000253953694e+01 2.275058162993493909e+02 -1.463432257481145484e+02
1.860062588568618480e+01 6.252663300403059310e+01 -4.593912321328945580e+01 4.053830782004765609e+01 2.116499142987387643e+02 -1.501453567913600295e+02
1.886982835884206366e+01 6.396557124896311564e+01 -4.691627325189674025e+01 3.671016087194657729e+01 2.042150055748628006e+02 -1.588823490108338774e+02
1.913029750499887172e+01 6.530870971746425369e+01 -4.811543952805224222e+01 3.543537595489177505e+01 2.003560416113224960e+02 -1.730779269377003402e+02
1.940023992299165201e+01 6.658568784847948052e+01 -4.954268615625323946e+01 3.585083670372777220e+01 1.932237101515258360e+02 -1.923451494795156975e+02
1.969786221165550089e+01 6.782614508095451811e+01 -5.120407725099724416e+01 3.709342675329899919e+01 1.759686989388796690e+02 -2.162970755438394690e+02
2.004137096982544364e+01 6.905972085383480419e+01 -5.310567692678148433e+01 3.830002973844975855e+01 1.417416957167931741e+02 -2.445467640382272521e+02
2.043653271706352825e+01 7.028461460921248261e+01 -5.520849439102115497e+01 3.884634821111845326e+01 8.759402650839135163e+01 -2.758502096606143255e+02
2.083935365583947430e+01 7.137326580176504365e+01 -5.729331922280167078e+01 3.906336039161892160e+01 2.617957045568810415e+01 -3.055351502704317568e+02
2.119339990935004181e+01 7.216667388931671212e+01 -5.909588609412648452e+01 3.952086341735899566e+01 -2.594715501959170467e+01 -3.280722595174909770e+02
2.144223760079190555e+01 7.250583832969144282e+01 -6.035192967699869371e+01 4.078865442574641520e+01 -5.223163249571415889e+01 -3.379322110515990971e+02
2.152943285336179713e+01 7.223175858071334687e+01 -6.079718464342167294e+01 4.343653055418909048e+01 -3.611934455095136087e+01 -3.295856785225657291e+02
2.142573690805781794e+01 7.127570441608348517e+01 -6.030379696355038277e+01 4.770746709671023211e+01 3.117314841932062919e+01 -3.003968741841781025e+02
2.121064147708364445e+01 6.993002687301074616e+01 -5.928955780014688770e+01 5.253715197379608526e+01 1.273449747513143677e+02 -2.593041647061309050e+02
2.099082339044438683e+01 6.857734730458113859e+01 -5.830866961412504423e+01 5.653445126254776198e+01 2.223241849641250099e+02 -2.181394553621020975e+02
2.087295947814511266e+01 6.760028706388058595e+01 -5.791533486639863071e+01 5.830823104006711333e+01 2.860388295768609055e+02 -1.887346514257640138e+02
2.096372657019090369e+01 6.738146750399494067e+01 -5.866375601788148941e+01 5.646735738345554978e+01 2.884169591086250648e+02 -1.829216581707909199e+02
2.132751563670197825e+01 6.813888880846452878e+01 -6.089047396204035323e+01 5.021209082354280184e+01 2.110249079775921928e+02 -2.075201070005452948e+02
2.185957420825911512e+01 6.943206648264687431e+01 -6.406138332255412138e+01 4.110826970607006103e+01 8.198214619821909821e+01 -2.493005338371401365e+02
2.241286395555816213e+01 7.065589486235371908e+01 -6.742471715565419288e+01 3.131312683050783008e+01 -5.895357231594807246e+01 -2.900212007323704597e+02
2.284034654929504882e+01 7.120526828339697545e+01 -7.022870851757251387e+01 2.298389499632506272e+01 -1.720244936513853702e+02 -3.114403697380376457e+02
2.299498366016563011e+01 7.047508108158844209e+01 -7.172159046454056863e+01 1.827780700299221195e+01 -2.174728638945481123e+02 -2.953163029059385849e+02
2.277681276755803097e+01 6.808885683184192317e+01 -7.137892402073919129e+01 1.861752864518263806e+01 -1.680930320509799571e+02 -2.301904801462761725e+02
2.227417458562925390e+01 6.458463606547968539e+01 -6.958558208214530794e+01 2.248745769838612318e+01 -4.688775880252705974e+01 -1.317372528028848251e+02
2.162248563722850037e+01 6.072908855292556751e+01 -6.695376551268486764e+01 2.763742493329677430e+01 1.105880922499026440e+02 -2.241419007799183660e+01
2.095716244520503224e+01 5.728888406460401939e+01 -6.409567517628406108e+01 3.181726112060800560e+01 2.687796575053788501e+02 7.532113882615867340e+01
2.041362153240801547e+01 5.503069237093885846e+01 -6.162351193686862416e+01 3.277679703101392050e+01 3.921320733629967208e+02 1.390111647073395034e+02
2.009509145369996830e+01 5.449891240183037411e+01 -6.001240639559129875e+01 2.908008601304791796e+01 4.541309940637646037e+02 1.527332986055667732e+02
1.997604889199629596e+01 5.534885972508246255e+01 -5.918920810251034226e+01 2.254807172660170167e+01 4.644241452164512225e+02 1.267048725298900820e+02
1.999878256222568496e+01 5.701357906797492348e+01 -5.894369634491071963e+01 1.581592040940740240e+01 4.416997702717548009e+02 7.767819873161623434e+01
2.010558117931681821e+01 5.892611515778781950e+01 -5.906565041007732475e+01 1.151879829919617393e+01 4.046461126803735624e+02 2.240558946204642154e+01
2.023873345819836800e+01 6.051951272180084374e+01 -5.934484958529502308e+01 1.229187163369996050e+01 3.719514158930096528e+02 -2.236064302750994770e+01
2.035098061105682987e+01 6.135158633101965364e+01 -5.960702041471009949e+01 1.976041982607045355e+01 3.580765610607667213e+02 -4.374904706440361224e+01
2.043687383910989652e+01 6.147922993135205871e+01 -5.982167846991413995e+01 3.151017499113848430e+01 3.605729801363775096e+02 -4.441161329058764551e+01
2.050141684083310523e+01 6.108410731243164804e+01 -5.999428657936019249e+01 4.411698241915644303e+01 3.727647427729806395e+02 -3.088119292666927507e+01
2.054961331470195418e+01 6.034788226389193255e+01 -6.013030757150121275e+01 5.415668740037472162e+01 3.879759186237134827e+02 -9.690637193256440796e+00
2.058646695919197356e+01 5.945221857536636634e+01 -6.023520427479020611e+01 5.820513522504555937e+01 3.995305773417154569e+02 1.262720268904561038e+01
2.061686655189730288e+01 5.856776772775474882e+01 -6.031505768204771556e+01 5.396094261289224647e+01 4.023991337516241629e+02 3.051397662426325397e+01
2.064524118688657239e+01 5.782113196702134417e+01 -6.037842144356451968e+01 4.361381200152680293e+01 3.981373833640777775e+02 4.230933901496694460e+01
2.067590503734703944e+01 5.732790123039673347e+01 -6.043446737399895596e+01 3.047621725803467996e+01 3.899474668612149912e+02 4.732744538835981274e+01
2.071317227646597914e+01 5.720366545511146228e+01 -6.049236728800940455e+01 1.786063224949988637e+01 3.810315249251737555e+02 4.488245127164672255e+01
2.076135707743063463e+01 5.756401457839603353e+01 -6.056129300025417450e+01 9.079530843006546448e+00 3.745916982380919080e+02 3.428851219203120593e+01
2.082492591592004771e+01 5.847910414499386889e+01 -6.065578702778297782e+01 6.610511163295114123e+00 3.727398700355929577e+02 1.517965783177383621e+01
2.090895447758033754e+01 5.983735212970003658e+01 -6.081187469721093919e+01 9.591668365725618983e+00 3.732268937672386073e+02 -1.153058550664542992e+01
2.101867075054940059e+01 6.148174211482232465e+01 -6.107095203754454360e+01 1.632622186331321146e+01 3.727133654360757760e+02 -4.460881736568710210e+01
2.115930272296514758e+01 6.325525768266879112e+01 -6.147441507779031156e+01 2.511739106907381114e+01 3.678598810451512122e+02 -8.282163728781695511e+01
2.133607838296545722e+01 6.500088241554715296e+01 -6.206365984695468541e+01 3.426839539602205065e+01 3.553270365975120058e+02 -1.249356448154944701e+02
2.155422571868824377e+01 6.656159989576549663e+01 -6.288008237404420697e+01 4.208245425717406363e+01 3.317754280962037683e+02 -1.697174394911862123e+02
2.181897271827138596e+01 6.778039370563158172e+01 -6.396507868806531150e+01 4.686278706554458040e+01 2.938656515442755790e+02 -2.159336208573511442e+02
2.213554736985280869e+01 6.850024742745340234e+01 -6.536004481802457633e+01 4.691261323414933315e+01 2.382583029447706338e+02 -2.623507884564561436e+02
2.250917766157037292e+01 6.856414464353876781e+01 -6.710637679292835855e+01 4.053515217600372722e+01 1.616139783007407118e+02 -3.077355418309599600e+02
2.294509158156201423e+01 6.781506893619562959e+01 -6.924547064178329947e+01 2.603362330412253201e+01 6.059327361522576894e+01 -3.508544805233294710e+02
