1.904630064964294434e+00 3.543035984039306641e+00 -1.922241687774658203e+00 9.430731082486235595e-01 2.865571487711564114e+00 -9.013455362166561402e-01
2.029111146926879883e+00 3.853543519973754883e+00 -1.997122049331665039e+00 9.545035328122390972e-01 3.345308328261059838e+00 -5.327505704417275778e-01
2.129441022872924805e+00 4.193356037139892578e+00 -2.009600162506103516e+00 1.385813899935312232e+00 3.692306531000761449e+00 8.579631835892097269e-02
2.252475738525390625e+00 4.559596538543701172e+00 -1.999422907829284668e+00 1.246470067044818997e+00 4.654989085338307575e+00 2.288696105293592520e-01
2.368386030197143555e+00 5.067050933837890625e+00 -1.939277291297912598e+00 1.642187157156085098e+00 5.663899143945094750e+00 5.335475509920094561e-01
2.468020200729370117e+00 5.673582553863525391e+00 -1.843266010284423828e+00 1.858926345250512036e+00 6.385282947517508134e+00 1.253509586111512419e+00
2.598419666290283203e+00 6.412367343902587891e+00 -1.714165329933166504e+00 1.242436624023671055e+00 7.428139520662484507e+00 1.593612627147046767e+00
2.733672380447387695e+00 7.264213562011718750e+00 -1.545503616333007812e+00 1.234633099114144539e+00 8.934810507763609522e+00 1.744285657703450454e+00
2.885479688644409180e+00 8.124716758728027344e+00 -1.363547801971435547e+00 1.988782558998770877e+00 9.887104263323932329e+00 1.720014287658763408e+00
3.056858062744140625e+00 9.223862648010253906e+00 -1.137515425682067871e+00 2.020398183382365875e+00 1.143905927885463214e+01 2.072307699795027602e+00
3.234297752380371094e+00 1.045396804809570312e+01 -9.113025069236755371e-01 1.642254002467826268e+00 1.277240422326805458e+01 2.529309321395953880e+00
3.426034450531005859e+00 1.185337734222412109e+01 -6.707601547241210938e-01 1.856442244969847444e+00 1.430306019360618563e+01 2.206990557456049995e+00
3.650347709655761719e+00 1.342483043670654297e+01 -4.602378606796264648e-01 2.605833648730981889e+00 1.632371419196613616e+01 1.773824061265468988e+00
3.876718044281005859e+00 1.503328704833984375e+01 -2.768772244453430176e-01 2.180903508225713772e+00 1.824613684753413878e+01 2.150691263724814561e+00
4.145057678222656250e+00 1.699023056030273438e+01 -9.731689840555191040e-02 3.007789510604734762e+00 2.049266985306635291e+01 1.280820039794328125e+00
4.443047046661376953e+00 1.919453430175781250e+01 1.270663086324930191e-02 3.368216781398868154e+00 2.274232692139871759e+01 7.072092078225845624e-01
4.785198211669921875e+00 2.167217445373535156e+01 3.308347240090370178e-02 3.435502893187909912e+00 2.523007515051682859e+01 -1.119709436823048132e-01
5.227766990661621094e+00 2.446721649169921875e+01 -8.720683306455612183e-02 4.191590393256804603e+00 2.974526332538144047e+01 -2.362765131082188663e+00
5.641986846923828125e+00 2.737554550170898438e+01 -4.151166677474975586e-01 4.791567606415636504e+00 3.324984428773242229e+01 -5.128664634556090896e+00
6.234799385070800781e+00 3.095894432067871094e+01 -1.208810210227966309e+00 6.299080365086511257e+00 3.766408280282965393e+01 -1.073854055563104737e+01
6.956389904022216797e+00 3.501712417602539062e+01 -2.804316520690917969e+00 7.508424831961987955e+00 4.151141736620733269e+01 -2.166760534802414995e+01
7.861515045166015625e+00 3.913541030883789062e+01 -5.752668380737304688e+00 9.093403013915148492e+00 3.762054477892106519e+01 -3.638081024433222410e+01
8.877828598022460938e+00 4.242572402954101562e+01 -1.003481578826904297e+01 9.645285565284734020e+00 2.690227775815241529e+01 -4.537596748492723009e+01
9.730660438537597656e+00 4.439756011962890625e+01 -1.431132507324218750e+01 8.874186899804410444e+00 1.614396922195179940e+01 -4.401496193533623114e+01
1.048393154144287109e+01 4.565760040283203125e+01 -1.850584793090820312e+01 6.787648283952940176e+00 9.417075669198919030e+00 -3.802693603209473849e+01
1.106196975708007812e+01 4.636330032348632812e+01 -2.201700973510742188e+01 5.130415996396633815e+00 5.178305845971516774e+00 -3.126800039409245002e+01
1.153388023376464844e+01 4.674861907958984375e+01 -2.488909149169921875e+01 4.088370937125541893e+00 2.136845255807395372e+00 -2.542460519157377163e+01
1.193258666992187500e+01 4.693446350097656250e+01 -2.725584030151367188e+01 3.328413533467715624e+00 6.885795347499388264e-01 -2.080972932426217170e+01
1.223050785064697266e+01 4.697168731689453125e+01 -2.903224372863769531e+01 2.857123727560690885e+00 -1.747220541147836981e-01 -1.708439696725437074e+01
1.248734283447265625e+01 4.696487808227539062e+01 -3.058417320251464844e+01 1.969343146180368986e+00 -3.709148379324981315e-01 -1.395643269422073907e+01
1.272145175933837891e+01 4.698914718627929688e+01 -3.182645797729492188e+01 2.731146515848253298e+00 3.260411509541815689e-01 -1.102714953090002048e+01
1.294047737121582031e+01 4.706324768066406250e+01 -3.287646102905273438e+01 2.820884842572016549e+00 9.141382910960215158e-01 -9.537342485557095628e+00
1.309819126129150391e+01 4.714254760742187500e+01 -3.380039596557617188e+01 1.119079198320255486e+00 4.271907757825870733e-01 -9.096677365295242623e+00
1.325062465667724609e+01 4.717042160034179688e+01 -3.458370971679687500e+01 1.944297835279965136e+00 6.971725278317645637e-03 -7.900483328351047163e+00
1.341154861450195312e+01 4.716162490844726562e+01 -3.534700012207031250e+01 1.608835418983683097e+00 -9.208092135687641067e-01 -6.892538106543010912e+00
1.357806110382080078e+01 4.708900833129882812e+01 -3.602814102172851562e+01 7.166524126595535948e-01 -6.039887728115870269e-01 -6.218897178295350159e+00
1.368541622161865234e+01 4.694924545288085938e+01 -3.659138488769531250e+01 1.830445831090299624e-01 -1.749080704359460281e+00 -4.962940194227809521e+00
1.379607582092285156e+01 4.677746200561523438e+01 -3.702355194091796875e+01 4.005530779308294487e-01 -1.773904415395965772e+00 -3.932015869300172106e+00
1.387033367156982422e+01 4.659991073608398438e+01 -3.726460647583007812e+01 9.923747899680241957e-01 -1.349451622616944180e+00 -1.435623489929994889e+00
1.393161010742187500e+01 4.647021484375000000e+01 -3.735819244384765625e+01 2.343142611417680654e-01 -5.464628776669016030e-01 2.314684887300062777e-01
1.396969509124755859e+01 4.641242980957031250e+01 -3.717588806152343750e+01 7.025582076535997755e-01 6.303182069854249558e-01 3.155285082005074848e+00
1.400742149353027344e+01 4.672667694091796875e+01 -3.660347366333007812e+01 3.122717587006747508e-01 7.368224302550868465e+00 7.738200443614389634e+00
1.412597656250000000e+01 4.810613250732421875e+01 -3.586465835571289062e+01 2.723568734032547400e+00 1.941126337845180316e+01 4.441199550150127351e+00
1.442233848571777344e+01 5.004623794555664062e+01 -3.590137481689453125e+01 3.820785252327956183e+00 1.967907772529889954e+01 -4.802150006164461971e+00
1.478000926971435547e+01 5.177399444580078125e+01 -3.663784408569335938e+01 3.608368083769585066e+00 1.374869131978928571e+01 -9.074539205060920821e+00
1.511594200134277344e+01 5.292914199829101562e+01 -3.772071075439453125e+01 2.707481455725621267e+00 9.278989196639596315e+00 -1.186889210699191288e+01
1.541836929321289062e+01 5.362792968750000000e+01 -3.901097106933593750e+01 2.356689530860618831e+00 5.154237171418254881e+00 -1.315314949754311158e+01
1.567387580871582031e+01 5.399790954589843750e+01 -4.035480499267578125e+01 2.711061176425024311e+00 2.187949472342460844e+00 -1.302909110532687542e+01
1.591720581054687500e+01 5.416513061523437500e+01 -4.156633377075195312e+01 1.168805598272136814e+00 -2.059750533125591088e-01 -1.243217395056212204e+01
1.617118835449218750e+01 5.407499694824218750e+01 -4.275204467773437500e+01 2.062123396895603644e+00 -3.414347271554336039e-01 -1.124256954041936041e+01
1.634514808654785156e+01 5.393201828002929688e+01 -4.385475921630859375e+01 2.624316710380246942e+00 -1.528675674260494777e+00 -1.077067239462476955e+01
1.656303787231445312e+01 5.384267044067382812e+01 -4.491455841064453125e+01 1.363839840570382878e+00 -4.672130300323839025e-01 -1.047010097874856349e+01
1.675534629821777344e+01 5.367830276489257812e+01 -4.588407135009765625e+01 2.770926990288983038e+00 -6.915004265077289158e-01 -8.999515143700113740e+00
1.691348266601562500e+01 5.368913269042968750e+01 -4.674219894409179688e+01 1.228547385519516366e+00 -1.135082234937732970e+00 -9.563992747069077538e+00
1.709176445007324219e+01 5.360779571533203125e+01 -4.770923233032226562e+01 8.179208395801457199e-01 -1.651671906868306783e+00 -9.331308234243987698e+00
1.718910980224609375e+01 5.325162506103515625e+01 -4.840808868408203125e+01 2.246772689093679443e+00 -2.442636185352772937e+00 -4.509088381372161614e+00
1.732554626464843750e+01 5.326385116577148438e+01 -4.892012405395507812e+01 1.169630744911539733e+00 1.270054053229248803e+00 -6.165113798087108243e+00
1.754137420654296875e+01 5.354132080078125000e+01 -4.967037200927734375e+01 2.125759599916854814e+00 4.935053063507793603e+00 -8.968084269726617208e+00
1.774290657043457031e+01 5.391595077514648438e+01 -5.056784057617187500e+01 3.336266886201383564e+00 3.542152838555193917e+00 -1.073456301384103995e+01
1.802167510986328125e+01 5.439988708496093750e+01 -5.172962951660156250e+01 1.618802886858086376e+00 3.355657312615015542e+00 -1.195214330313282858e+01
1.832735824584960938e+01 5.474856948852539062e+01 -5.295542144775390625e+01 2.140427823733945800e+00 3.856145292518325718e+00 -1.212780583476837748e+01
1.853281974792480469e+01 5.507623672485351562e+01 -5.424934005737304688e+01 1.296762144116481164e+00 2.290407944687547825e+00 -1.330851866082367785e+01
1.886981201171875000e+01 5.528601455688476562e+01 -5.558767700195312500e+01 3.396678236086753788e+00 3.461602611259904538e+00 -1.321482333244141216e+01
1.906286430358886719e+01 5.554552459716796875e+01 -5.681782150268554688e+01 2.984126746946722974e+00 2.208809676054057203e+00 -1.299505846237994433e+01
1.930189514160156250e+01 5.575509262084960938e+01 -5.808447647094726562e+01 3.031691749162221061e+00 1.226563733168699599e+00 -1.234489062647968893e+01
1.957335281372070312e+01 5.602046585083007812e+01 -5.931019592285156250e+01 2.233126875519434673e+00 1.952712748010248411e+00 -1.209637707568789722e+01
1.985785865783691406e+01 5.619973754882812500e+01 -6.048643493652343750e+01 1.653556282385967302e+00 2.212006801548382029e+00 -1.076672723766876238e+01
2.000008583068847656e+01 5.629620361328125000e+01 -6.149325180053710938e+01 2.488382468224263455e+00 2.246516212951099156e+00 -9.451272264003033996e+00
2.020905876159667969e+01 5.649133682250976562e+01 -6.230291748046875000e+01 1.915451062613858779e+00 1.835581500172665859e+00 -8.082838122254450752e+00
2.037386512756347656e+01 5.668962478637695312e+01 -6.313910293579101562e+01 1.946247647282291826e+00 1.292328491167965110e+00 -7.863235430494236233e+00
2.060620689392089844e+01 5.686680603027343750e+01 -6.391993331909179688e+01 2.455097159781152616e+00 2.514725327910883212e+00 -7.597521406283357592e+00
2.077743530273437500e+01 5.722718048095703125e+01 -6.471586608886718750e+01 9.800914461564675939e-01 3.393108537370948863e+00 -7.873906156422852298e+00
2.099412345886230469e+01 5.745527648925781250e+01 -6.557155609130859375e+01 3.330540350401751670e+00 3.114676987864966939e+00 -8.918972236294504086e+00
2.120141792297363281e+01 5.781599807739257812e+01 -6.637828063964843750e+01 1.315207003140532960e+00 3.069339914478128151e+00 -8.818482697042192342e+00
2.137152862548828125e+01 5.801549911499023438e+01 -6.732592773437500000e+01 1.985777856786396400e+00 1.067452068114218111e+00 -9.280119989293671878e+00
2.163538932800292969e+01 5.818091964721679688e+01 -6.830948638916015625e+01 1.981920862939467565e+00 1.771322546379357377e+00 -9.687216094362037566e+00
2.179648017883300781e+01 5.833550262451171875e+01 -6.932032775878906250e+01 8.670407823189194563e-01 7.546581752360004280e-01 -9.994718075182969841e+00
2.197328376770019531e+01 5.836098861694335938e+01 -7.031359100341796875e+01 2.587007798451811613e+00 3.222686932037088781e-01 -9.493576717669677478e+00
2.219963645935058594e+01 5.841387557983398438e+01 -7.118035888671875000e+01 2.639883628859966525e+00 1.135981301813455246e+00 -9.485667074184298997e+00
2.238113784790039062e+01 5.855963897705078125e+01 -7.209629058837890625e+01 1.267995042699393560e+00 8.063075547301445933e-01 -8.755110165151513968e+00
