1.904630064964294434e+00 3.543035984039306641e+00 -1.922241687774658203e+00 9.430731082486022432e-01 2.865571487711581433e+00 -9.013455362166458151e-01
1.934994194271852264e+00 3.609230427048077949e+00 -1.942330427098299950e+00 9.788745585879903288e-01 2.982080143188850396e+00 -8.961041363889563627e-01
1.961977923396811985e+00 3.671308618256080347e+00 -1.958542688592309178e+00 1.037195094884310276e+00 3.116003651340831571e+00 -8.474820253406983861e-01
1.986184423092144602e+00 3.730628399834086117e+00 -1.971277224139402096e+00 1.111682816502075122e+00 3.263000676472936679e+00 -7.646395796519783739e-01
2.008216864110820232e+00 3.788547613952869320e+00 -1.980932785622296022e+00 1.195985822805796905e+00 3.418729882890580996e+00 -6.567371759029025924e-01
2.028678417205810547e+00 3.846424102783203569e+00 -1.987908124923706055e+00 1.283752213159988331e+00 3.578849934899176688e+00 -5.329351906735778632e-01
2.048172253130084997e+00 3.905615708495861149e+00 -1.992601993926349069e+00 1.368630086929162326e+00 3.739019496804136811e+00 -4.023940005441105638e-01
2.067301542636614364e+00 3.967480273261617008e+00 -1.995413144512941050e+00 1.444267543477830262e+00 3.894897232910875307e+00 -2.742739820946068496e-01
2.086669456478370765e+00 4.033375639251245204e+00 -1.996740328566199096e+00 1.504312682170505955e+00 4.042141807524807007e+00 -1.577355119051737642e-01
2.106879165408323207e+00 4.104659648635515801e+00 -1.996982297968838971e+00 1.542413602371700998e+00 4.176411884951341413e+00 -6.193896655591737965e-02
2.128533840179443359e+00 4.182690143585205078e+00 -1.996537804603576660e+00 1.552218403445928319e+00 4.293366129495895578e+00 3.955277373055789483e-03
2.152045636896771974e+00 4.268337405319795330e+00 -1.995634093801223585e+00 1.530577301411339075e+00 4.392808412551664432e+00 3.528136561502117491e-02
2.177062653073634557e+00 4.360521471253603565e+00 -1.993812384684966466e+00 1.487148978900637797e+00 4.491123433862977521e+00 4.535153315678269736e-02
2.203041971575426139e+00 4.457674817849659021e+00 -1.990442389826087233e+00 1.434794235200169688e+00 4.608841100261948931e+00 5.197253729852622378e-02
2.229440675267542638e+00 4.558229921570986498e+00 -1.984893821795866709e+00 1.386373869596277730e+00 4.766491318580690084e+00 7.295113534043760894e-02
2.255715847015380859e+00 4.660619258880615234e+00 -1.976536393165588379e+00 1.354748681375306463e+00 4.984603995651315067e+00 1.260940845827026591e-01
2.281386835559070736e+00 4.763721971860699789e+00 -1.964954984140241612e+00 1.350090882989367191e+00 5.274602024995856731e+00 2.236301265336722577e-01
2.306222053137693795e+00 4.868203865069913761e+00 -1.950595145459657065e+00 1.371818339553643629e+00 5.611480246896043411e+00 3.554759395343565775e-01
2.330052177865064689e+00 4.975177408686058733e+00 -1.934117595497372832e+00 1.416660329349086256e+00 5.961126488323517769e+00 5.059701861339299667e-01
2.352707887854998958e+00 5.085755072886932737e+00 -1.916183052626928340e+00 1.481346130656646887e+00 6.289428576249927794e+00 6.594515288815683274e-01
2.374019861221313477e+00 5.201049327850341797e+00 -1.897452235221862793e+00 1.562605021757276447e+00 6.562274337646922362e+00 8.002586303264461742e-01
2.393971042931150706e+00 5.321924891868750507e+00 -1.878427261027274087e+00 1.654538887836720429e+00 6.755558664797136181e+00 9.171711945420788492e-01
2.413153445364969230e+00 5.448255475693301264e+00 -1.858975845274501104e+00 1.740740041699905705e+00 6.885204711227186358e+00 1.016733091699347336e+00
2.432311347756551445e+00 5.579667038189799477e+00 -1.838807102566440532e+00 1.802173403056552825e+00 6.977142695774675829e+00 1.109929233493471612e+00
2.452189029339681525e+00 5.715785538224051443e+00 -1.817630147505989058e+00 1.819803891616382563e+00 7.057302837277208418e+00 1.207744531619672212e+00
2.473530769348144531e+00 5.856236934661864346e+00 -1.795154094696044922e+00 1.774596427089116135e+00 7.151615354572390615e+00 1.321163897773170781e+00
2.496881927744398766e+00 6.000999645204089461e+00 -1.771083273806018932e+00 1.655890018244779327e+00 7.281946959893689453e+00 1.456537148183192354e+00
2.521992187405602603e+00 6.151461922891742873e+00 -1.745102874771378598e+00 1.486520030094618416e+00 7.453910339058019474e+00 1.601673717214981529e+00
2.548412311937587660e+00 6.309364479600886533e+00 -1.716893302594104442e+00 1.297695916710185360e+00 7.669054671278157542e+00 1.739747943767787630e+00
2.575693064946185995e+00 6.476448027207581504e+00 -1.686134962276177651e+00 1.120627132163032336e+00 7.928929135766882297e+00 1.853934166740859535e+00
2.603385210037231001e+00 6.654453277587890625e+00 -1.652508258819580078e+00 9.865231305247088578e-01 8.235082911736974154e+00 1.927406725033447898e+00
2.631156656857855047e+00 6.844250942903273405e+00 -1.615868445094475137e+00 9.198238805038684296e-01 8.586072015606118768e+00 1.949482437309957072e+00
2.659143899220385077e+00 7.043231736456773362e+00 -1.576770165443757366e+00 9.178914093575654132e-01 8.968479812611640511e+00 1.934048041295410858e+00
2.687600576978451006e+00 7.247916371836834237e+00 -1.535942912078504641e+00 9.713182589799553845e-01 9.365896505195776101e+00 1.901132754479990083e+00
2.716780329985680975e+00 7.454825562631902436e+00 -1.494116177209795282e+00 1.070696971265193698e+00 9.761912295800756922e+00 1.870765794353874689e+00
2.746936798095702681e+00 7.660480022430419922e+00 -1.452019453048706277e+00 1.206620088107435373e+00 1.014011738686881969e+01 1.862976378407244171e+00
2.778225526092492625e+00 7.862540070731650843e+00 -1.410202050544781205e+00 1.369082543351082704e+00 1.048751713711108380e+01 1.892100687554136851e+00
2.810409678481412321e+00 8.063224450678143640e+00 -1.368492555601421357e+00 1.545688838641530838e+00 1.080477753031422949e+01 1.949702756404019466e+00
2.843154324698169866e+00 8.265891511323264496e+00 -1.326539372860494392e+00 1.723445867574418422e+00 1.109597970653381260e+01 2.021653582990216247e+00
2.876124534178473802e+00 8.473899601720377817e+00 -1.283990906963866863e+00 1.889360523745386100e+00 1.136520480582539427e+01 2.093824165346051203e+00
2.908985376358032227e+00 8.690607070922849786e+00 -1.240495562553405762e+00 2.030439700750074739e+00 1.161653396824453566e+01 2.152085501504848786e+00
2.941535639178055828e+00 8.918380495514112383e+00 -1.195820516498985242e+00 2.135383048947443463e+00 1.185518952211576149e+01 2.186073161789079844e+00
2.974108984601766537e+00 9.155619362197834121e+00 -1.150208034582504757e+00 2.199661245749730654e+00 1.209095854883944732e+01 2.200481005677798141e+00
3.007172793097887098e+00 9.399731385207751089e+00 -1.104019154813870252e+00 2.220437725332492729e+00 1.233476931808493404e+01 2.203767464939204945e+00
3.041194445135140700e+00 9.648124278777599372e+00 -1.057614915202988559e+00 2.194875921871286550e+00 1.259755009952155724e+01 2.204390971341501082e+00
3.076641321182250977e+00 9.898205757141111505e+00 -1.011356353759765847e+00 2.120139269541669425e+00 1.289022916281865783e+01 2.210809956652886044e+00
3.113834857182464777e+00 1.014858970349851752e+01 -9.654668903486222087e-01 1.998692205118375309e+00 1.321952602848420000e+01 2.229308152201763704e+00
3.152512710977120491e+00 1.040271467691601259e+01 -9.196194722520328879e-01 1.854203175772846768e+00 1.357532522038063938e+01 2.257470487557345695e+00
3.192266595882082836e+00 1.066522540542628938e+01 -8.733494286069874990e-01 1.715641631275705903e+00 1.394330251320906555e+01 2.290707191849048030e+00
3.232688225213213862e+00 1.094076661706204057e+01 -8.261920885504741019e-01 1.611977021397570597e+00 1.430913368167055566e+01 2.324428494206286278e+00
3.273369312286376953e+00 1.123398303985595703e+01 -7.776827812194825329e-01 1.572178795909062510e+00 1.465849450046620284e+01 2.354044623758474231e+00
3.314012911599532707e+00 1.154777488879503977e+01 -7.275781979892477214e-01 1.616265230309144929e+00 1.498175148184475702e+01 2.374754846394158125e+00
3.354767442379032794e+00 1.187806432668352663e+01 -6.765204791879894097e-01 1.728449903010150557e+00 1.528803408824566468e+01 2.380914575038398873e+00
3.395892665033326985e+00 1.221902900327995845e+01 -6.253731273821739878e-01 1.883995218152755724e+00 1.559116251965604505e+01 2.366668259375388050e+00
3.437648339970865496e+00 1.256484656834288849e+01 -5.749996451382674012e-01 2.058163579877637428e+00 1.590495697606302095e+01 2.326160349089319013e+00
3.480294227600098100e+00 1.290969467163085938e+01 -5.262635350227355957e-01 2.226217392325471334e+00 1.624323765745370807e+01 2.253535293864382005e+00
3.524056888219331274e+00 1.324934840001272640e+01 -4.798425065009213619e-01 2.368018419950144615e+00 1.661603758082080162e+01 2.147471687697068976e+00
3.569030081686313860e+00 1.358597258879861513e+01 -4.356710966336742041e-01 2.481825868458397366e+00 1.701824103117933973e+01 2.024784701833072464e+00
3.615274367748646078e+00 1.392332951040894784e+01 -3.934980493807204160e-01 2.570498303870178525e+00 1.744094511054990804e+01 1.906823651830385158e+00
3.662850306153933921e+00 1.426518143726415389e+01 -3.530721087017851256e-01 2.636894292205439250e+00 1.787524692095312417e+01 1.814937853246995303e+00
3.711818456649780273e+00 1.461529064178466797e+01 -3.141420185565949041e-01 2.683872399484129367e+00 1.831224356440957735e+01 1.770476621640896919e+00
3.762121859284127456e+00 1.497645617546068486e+01 -2.764397140296800393e-01 2.714767138116465972e+00 1.874556449040917983e+01 1.786631382206337992e+00
3.813233475306257336e+00 1.534762420606146804e+01 -2.396298947047882932e-01 2.734816806073726791e+00 1.917896853831902959e+01 1.843961998682590586e+00
3.864508746265791661e+00 1.572677768042604818e+01 -2.033604512904715333e-01 2.749735647717456377e+00 1.961874689497551572e+01 1.914870444445182729e+00
3.915303113712351735e+00 1.611189954539346303e+01 -1.672792744952818211e-01 2.765237907409200613e+00 2.007119074721504148e+01 1.971758692869644003e+00
3.964972019195556641e+00 1.650097274780273438e+01 -1.310342550277709961e-01 2.787037829510502274e+00 2.054259128187399241e+01 1.987028717331501548e+00
4.013231696601558873e+00 1.689331131129150165e+01 -9.445721479868560144e-02 2.819683723678211518e+00 2.103634094472322502e+01 1.940116007327637337e+00
4.061241549162632580e+00 1.729355356669183408e+01 -5.811570052754960053e-02 2.863060160750391603e+00 2.154423721727136254e+01 1.838590116840340238e+00
4.110521772447587097e+00 1.770766892163440787e+01 -2.276119013608163960e-02 2.915885776860411838e+00 2.205517883996149209e+01 1.697054115973253730e+00
4.162592562025225540e+00 1.814162678374988502e+01 1.085483845399982245e-02 2.976879208141641087e+00 2.255806455323669724e+01 1.530111074830019735e+00
4.218974113464355469e+00 1.860139656066894531e+01 4.198090732097625732e-02 3.044759090727446882e+00 2.304179309754005445e+01 1.352364063514280845e+00
4.280659354492742708e+00 1.909053197781079447e+01 6.995596307503848532e-02 3.117097215253403775e+00 2.349792019057303349e+01 1.175515404375481632e+00
4.346532141473995026e+00 1.960292403174882025e+01 9.448065045401696227e-02 3.186877990363916613e+00 2.392862945907068806e+01 9.996644287462628231e-01
4.414949062930676682e+00 2.013004803684491506e+01 1.153460387276506877e-01 3.245938979205589270e+00 2.433876150702643315e+01 8.220097202050696827e-01
4.484266707385354600e+00 2.066337930746099971e+01 1.323431971656791606e-01 3.286117744925031836e+00 2.473315693843369800e+01 6.397498623303468079e-01
4.552841663360595703e+00 2.119439315795898438e+01 1.452631950378418246e-01 3.299251850668852182e+00 2.511665635728592250e+01 4.500834387005384074e-01
4.619607501333228505e+00 2.171697863940377005e+01 1.539248405363647099e-01 3.282381481600235684e+00 2.549771213701339789e+01 2.506960074004751515e-01
4.685805719597147423e+00 2.223467974967226368e+01 1.582578975434208446e-01 3.253357310948687964e+00 2.589922372879394530e+01 4.122102454053513249e-02
4.753254798400506687e+00 2.275345422334433110e+01 1.582198688636697048e-01 3.235232633960289483e+00 2.634770235324224075e+01 -1.782210792625174844e-01
4.823773217991458750e+00 2.327925979499986298e+01 1.537682573017709053e-01 3.251060745881122482e+00 2.686965923097296027e+01 -4.075098733919181315e-01
4.899179458618164062e+00 2.381805419921875000e+01 1.448605656623840332e-01 3.323894941957270976e+00 2.749160558260080478e+01 -6.465249272309026018e-01
4.980643100196308737e+00 2.437424012534069462e+01 1.314053063378014530e-01 3.468733645147772826e+00 2.822875043496616954e+01 -8.956473497428397712e-01
5.066738121311726850e+00 2.494600008174474226e+01 1.131150300708469586e-01 3.668355789263502142e+00 2.905109403981238714e+01 -1.157264408211634343e+00
5.155389600217784363e+00 2.552996153156975367e+01 8.965329719197705216e-02 3.897485435828289102e+00 2.991733445510851297e+01 -1.434264909501324459e+00
5.244522615167847235e+00 2.612275193795457184e+01 6.068366803164863821e-02 4.130846646365960773e+00 3.078616973882358820e+01 -1.729537660475944261e+00
5.332062244415283203e+00 2.672099876403808594e+01 2.586970292031764290e-02 4.343163482400353104e+00 3.161629794892668244e+01 -2.045971467999537996e+00
5.416780817943791959e+00 2.732346752122074207e+01 -1.553430308973836882e-02 4.515545973109762024e+00 3.237812406368896490e+01 -2.389212975417003726e+00
5.500839672658389468e+00 2.793747591394935981e+01 -6.591111605895927372e-02 4.654648018290344247e+00 3.308888074259004952e+01 -2.775940171996690964e+00
5.587247397194426313e+00 2.857247969493235118e+01 -1.280527673259642951e-01 4.773509485392725793e+00 3.377750756541164634e+01 -3.225588883487812364e+00
5.679012580187253967e+00 2.923793461687814244e+01 -2.047512882293726355e-01 4.885170241867534457e+00 3.447294411193551866e+01 -3.757594935639582356e+00
5.779143810272216797e+00 2.994329643249511719e+01 -2.987987101078033447e-01 5.002670155165391819e+00 3.520412996194335875e+01 -4.391394154201210043e+00
5.889699864143028485e+00 3.069436725254489673e+01 -4.123257980252167942e-01 5.137094833026030649e+00 3.599324661731856168e+01 -5.141549724536596422e+00
6.008940270726835564e+00 3.148233462000176530e+01 -5.448182519469372265e-01 5.291712844345600963e+00 3.683544326835109217e+01 -6.003134270468370559e+00
6.134174747009148554e+00 3.229473243589322351e+01 -6.951005055636296781e-01 5.467838498309358641e+00 3.771911102743261068e+01 -6.966347775433851197e+00
6.262713009975477085e+00 3.311909460124675775e+01 -8.619969925659596299e-01 5.666786104102561339e+00 3.863264100695472791e+01 -8.021390222870355302e+00
6.391864776611328125e+00 3.394295501708984375e+01 -1.044332146644592285e+00 5.889869970910464048e+00 3.956442431930909720e+01 -9.158461596215202505e+00
6.519742956227504216e+00 3.475721604123152275e+01 -1.242019202130330013e+00 6.136760430593962035e+00 4.050208445658550005e+01 -1.037476871961830405e+01
6.647673227435978660e+00 3.556625385860705535e+01 -1.459326595914542501e+00 6.400551905716532097e+00 4.143017442966657171e+01 -1.169554578008008505e+01
6.777784461174009678e+00 3.637781311093323211e+01 -1.701611565528729830e+00 6.672694841517273545e+00 4.233247962913303297e+01 -1.315303380531352850e+01
6.912205528378859931e+00 3.719963843992684360e+01 -1.974231348504396744e+00 6.944639683235299010e+00 4.319278544556565436e+01 -1.477947382303163870e+01
7.053065299987792969e+00 3.803947448730468750e+01 -2.282543182373046875e+00 7.207836876109715796e+00 4.399487726954521349e+01 -1.660710686094742172e+01
7.202070139865409892e+00 3.890248186988250723e+01 -2.631277112424707187e+00 7.458824524248266030e+00 4.471621551630023106e+01 -1.866055293819673011e+01
7.359236383585651353e+00 3.978348510487175815e+01 -3.022654414983496185e+00 7.714491367233224928e+00 4.530896069965019990e+01 -2.093394803960678274e+01
7.524157859649799107e+00 4.067472468458284851e+01 -3.458269174132055035e+00 7.996813803515499863e+00 4.571894835806241986e+01 -2.341380714142766450e+01
7.696428396559137575e+00 4.156844110132617232e+01 -3.939715473953028013e+00 8.327768231546000877e+00 4.589201403000414814e+01 -2.608664521990944962e+01
7.875641822814941406e+00 4.245687484741211648e+01 -4.468587398529052734e+00 8.729331049775630902e+00 4.577399325394264196e+01 -2.893897725130220167e+01
8.061584745419262177e+00 4.333334967381853176e+01 -5.047625094752871355e+00 9.210406354535411566e+00 4.531686584690224606e+01 -3.194048958047038766e+01
8.254814885377182776e+00 4.419552236619301766e+01 -5.684152960757613116e+00 9.727609033676804628e+00 4.449718874013541381e+01 -3.499355402673597837e+01
8.456082742194571011e+00 4.504213296885064466e+01 -6.386641457486505580e+00 1.022448167293138255e+01 4.329766314345169320e+01 -3.798371377803534443e+01
8.666138815377275151e+00 4.587192152610641216e+01 -7.163561045882774536e+00 1.064456685803071778e+01 4.170099026666060382e+01 -4.079651202230482454e+01
8.885733604431152344e+00 4.668362808227539062e+01 -8.023382186889648438e+00 1.093140717470638279e+01 3.968987131957166525e+01 -4.331749194748078935e+01
9.114634297341833502e+00 4.747427534915003378e+01 -8.968736870899013169e+00 1.104511730561680416e+01 3.727448393851860686e+01 -4.544894877840648917e+01
9.348674836014014389e+00 4.823401670843233546e+01 -9.978903206097378131e+00 1.101210032112777704e+01 3.457491146593181952e+01 -4.716018588755265029e+01
9.582705850832178740e+00 4.895128820930175095e+01 -1.102732083011992259e+01 1.087533138853197379e+01 3.173871367076592875e+01 -4.843725868429694259e+01
9.811577972180796081e+00 4.961452590093768578e+01 -1.208742938060181515e+01 1.067778567512204546e+01 2.891345032197552811e+01 -4.926622257801700755e+01
1.003014183044433416e+01 5.021216583251953125e+01 -1.313266849517822266e+01 1.046243834819064134e+01 2.624668118851519694e+01 -4.963313297809045110e+01
1.023442423830910819e+01 5.073643763197391365e+01 -1.414181050880925561e+01 1.025999002650773306e+01 2.385395765216716768e+01 -4.954069605026423062e+01
1.042515673766879658e+01 5.119474524221626410e+01 -1.511495854575494313e+01 1.005204313475248590e+01 2.172279754602380919e+01 -4.905822098576246049e+01
1.060424705271889678e+01 5.159828618490913499e+01 -1.605754842760018519e+01 9.807925549081380368e+00 1.980871031600521448e+01 -4.827166773217849993e+01
1.077360290765491335e+01 5.195825798171513554e+01 -1.697501597592992439e+01 9.496965145650897000e+00 1.806720540803141262e+01 -4.726699623710574372e+01
1.093513202667236328e+01 5.228585815429687500e+01 -1.787279701232910156e+01 9.088489800617516323e+00 1.645379226802246464e+01 -4.613016644813760081e+01
1.109054499301301888e+01 5.259044616885268653e+01 -1.875498216106358029e+01 8.567007589773243836e+00 1.493501161467660943e+01 -4.493435234042869553e+01
1.124076382610375369e+01 5.287402926972404771e+01 -1.962028125712302185e+01 7.977747387452225780e+00 1.352152925780498194e+01 -4.370158399937864147e+01
1.138651340441771787e+01 5.313677664578821691e+01 -2.046605893817801203e+01 7.381118267624135143e+00 1.223504227999692873e+01 -4.244110553794831020e+01
1.152851860642805626e+01 5.337885748592243118e+01 -2.128967984189915441e+01 6.837529304258645801e+00 1.109724776384179989e+01 -4.116216106909858752e+01
1.166750431060791016e+01 5.360044097900390625e+01 -2.208850860595702770e+01 6.407389571325431632e+00 1.012984279192893489e+01 -3.987399470579030236e+01
1.180392864181166956e+01 5.380207264500791098e+01 -2.286040719398229726e+01 6.132628006415396626e+00 9.343285263730070511e+00 -3.858717377658423686e+01
1.193718271041863055e+01 5.398580332830158568e+01 -2.360522687344582948e+01 5.981253001604351027e+00 8.703076346246477968e+00 -3.731755847244065905e+01
1.206639087318934145e+01 5.415406020435010248e+01 -2.432331623777856677e+01 5.902792812589336080e+00 8.163478023361815161e+00 -3.608233219991977592e+01
1.219067748688433817e+01 5.430927044861860509e+01 -2.501502388041144087e+01 5.846775695067386813e+00 7.678752278959737332e+00 -3.489867836558173764e+01
1.230916690826416016e+01 5.445386123657225852e+01 -2.568069839477539062e+01 5.762729904735545361e+00 7.203161096923903273e+00 -3.378378037598672279e+01
1.242142151579012221e+01 5.458980216102780503e+01 -2.632155187428652710e+01 5.612730455341015556e+00 6.700008171196418338e+00 -3.274661953452228147e+01
1.252875577472661206e+01 5.471723248420828156e+01 -2.694225041230166795e+01 5.409039392831656023e+00 6.168764035953160807e+00 -3.176336873188536813e+01
1.263292217203879453e+01 5.483583388568834494e+01 -2.754832360216280662e+01 5.176465521205496856e+00 5.617940935428460847e+00 -3.080199875560031586e+01
1.273567319469182912e+01 5.494528804504259512e+01 -2.814530103721192233e+01 4.939817644460555712e+00 5.056051113856641521e+00 -2.983048039319143996e+01
1.283876132965087891e+01 5.504527664184569602e+01 -2.873871231079101207e+01 4.723904566594865351e+00 4.491606815472031222e+00 -2.881678443218306640e+01
1.294327861320411976e+01 5.513556255243361903e+01 -2.933184179080518206e+01 4.547274561991051733e+00 3.935080938092160086e+00 -2.774229618804560360e+01
1.304767527893175583e+01 5.521623344018753698e+01 -2.991899294341192928e+01 4.403433786570157160e+00 3.404788993867359892e+00 -2.664205908803369027e+01
1.314974110973702892e+01 5.528745816525007228e+01 -3.049222400933192745e+01 4.279627866637835787e+00 2.921007148531173048e+00 -2.556453108734808666e+01
1.324726588852315778e+01 5.534940558776374075e+01 -3.104359322928578990e+01 4.163102428499733776e+00 2.504011567817135742e+00 -2.455817014118951391e+01
1.333803939819335760e+01 5.540224456787109375e+01 -3.156515884399414062e+01 4.041103098461496401e+00 2.174078417458785939e+00 -2.367143420475870386e+01
1.342048582094418130e+01 5.544632586410102704e+01 -3.205130895931890933e+01 3.904451847501770434e+00 1.941475597509470630e+00 -2.293586229462288983e+01
1.349556693614546354e+01 5.548272782852784246e+01 -3.250575114168728419e+01 3.758276025291165112e+00 1.776437945301744481e+00 -2.231531767281517276e+01
1.356487892246034299e+01 5.551271071161214365e+01 -3.293452282266766673e+01 3.611279326173287618e+00 1.639192032487980955e+00 -2.175674466273517282e+01
1.363001795855197074e+01 5.553753476381454135e+01 -3.334366143382850822e+01 3.472165444491746022e+00 1.489964430720547739e+00 -2.120708758778249603e+01
1.369258022308349609e+01 5.555846023559569602e+01 -3.373920440673828125e+01 3.349638074590148396e+00 1.288981711651813411e+00 -2.061329077135675902e+01
1.375395289244784180e+01 5.557660158149425911e+01 -3.412588703256364653e+01 3.250018281091586747e+00 1.012269576592114806e+00 -1.993682680034728705e+01
1.381468713395707049e+01 5.559249007236119411e+01 -3.450323604086429441e+01 3.170096609737100835e+00 6.990502454836680091e-01 -1.919728131560231787e+01
1.387512511265302528e+01 5.560651118312553365e+01 -3.486947602079816022e+01 3.104280976547219240e+00 4.043450679266580305e-01 -1.842876822145982629e+01
1.393560899357754401e+01 5.561905038871630325e+01 -3.522283156152317929e+01 3.046979297542469656e+00 1.831753935212698525e-01 -1.766540142225776577e+01
1.399648094177246271e+01 5.563049316406250000e+01 -3.556152725219726562e+01 2.992599488743377556e+00 9.056257186768854051e-02 -1.694129482233410755e+01
1.405785737153251347e+01 5.564133046250979220e+01 -3.588463232082689558e+01 2.935718188851510035e+00 1.629182266462966544e-01 -1.628267889835492355e+01
1.411895169416394502e+01 5.565247515107029841e+01 -3.619459455081256749e+01 2.871586927292584246e+00 3.622150778582659547e-01 -1.568425041629869732e+01
1.417875157022590038e+01 5.566494557517279418e+01 -3.649470636440337046e+01 2.795625956173357629e+00 6.318161195849655298e-01 -1.513282271447203264e+01
1.423624466027751545e+01 5.567976008024602663e+01 -3.678826018384832253e+01 2.703255527600584518e+00 9.150843459077646624e-01 -1.461520913118152087e+01
1.429041862487792969e+01 5.569793701171875000e+01 -3.707854843139648438e+01 2.589895893681022354e+00 1.155382750908032330e+00 -1.411822300473375513e+01
1.434058534908325377e+01 5.572020291124005098e+01 -3.736778003422647032e+01 2.454028780464664550e+00 1.310287703246870050e+00 -1.363276482690941727e+01
1.438735361593745488e+01 5.574611710534006193e+01 -3.765382993923504529e+01 2.306381809774447511e+00 1.394229069904304730e+00 -1.316608370338547296e+01
1.443165643298147671e+01 5.577494711676929029e+01 -3.793348959824857047e+01 2.160744077376549388e+00 1.435850092440097425e+00 -1.272951589331297306e+01
1.447442680775625590e+01 5.580596046827816537e+01 -3.820355046309333602e+01 2.030904679037142557e+00 1.463794012414006973e+00 -1.233439765584296310e+01
1.451659774780273438e+01 5.583842468261718750e+01 -3.846080398559570312e+01 1.930652710522402948e+00 1.506704071385793098e+00 -1.199206525012649749e+01
1.455891891554512974e+01 5.587170884467851550e+01 -3.870306519973794934e+01 1.870068042064606750e+00 1.584471726332571828e+00 -1.170885227447567978e+01
1.460140659294073195e+01 5.590558828792104862e+01 -3.893224346812613845e+01 1.844393641760429414e+00 1.681981295900877971e+00 -1.147108168384680127e+01
1.464389371683013685e+01 5.593993990794543691e+01 -3.915127173552232165e+01 1.845163252172649981e+00 1.775365314154604413e+00 -1.126007377235723439e+01
1.468621322405391361e+01 5.597464060035228783e+01 -3.936308294668851460e+01 1.863910615864045495e+00 1.840756315157641598e+00 -1.105714883412432314e+01
1.472819805145263672e+01 5.600956726074218750e+01 -3.957061004638671164e+01 1.892169475397392109e+00 1.854286832973879973e+00 -1.084362716326542753e+01
1.476973440347012634e+01 5.604454953963573161e+01 -3.977615005427288963e+01 1.921505174790327564e+00 1.800193704854473387e+00 -1.060648465899488357e+01
1.481092155496317986e+01 5.607922810723350437e+01 -3.997945628957869957e+01 1.943609463879929944e+00 1.695130980799623321e+00 -1.035531964091498125e+01
1.485191204839182255e+01 5.611319638865597170e+01 -4.017964614642969678e+01 1.950205693958136477e+00 1.563857013996784007e+00 -1.010538603372496524e+01
1.489285842621607969e+01 5.614604780902362791e+01 -4.037583701895144372e+01 1.933017216316883724e+00 1.431130157633417443e+00 -9.871937762124101567e+00
1.493391323089599432e+01 5.617737579345703125e+01 -4.056714630126952414e+01 1.883767382248109801e+00 1.321708764896983856e+00 -9.670228750811659779e+00
1.497516481762025187e+01 5.620692307490347162e+01 -4.075315492618801727e+01 1.797439382132918873e+00 1.253417637972758403e+00 -9.510460248071538558e+00
1.501644479249218023e+01 5.623502961761753483e+01 -4.093529798122503394e+01 1.682055762709086411e+00 1.216347375037280187e+00 -9.382622796526220554e+00
1.505752057434378166e+01 5.626218469368066621e+01 -4.111547409257722308e+01 1.548898909803556601e+00 1.193655023264903248e+00 -9.271654262382844180e+00
1.509815958200704777e+01 5.628887757517426138e+01 -4.129558188644123362e+01 1.409251209243272740e+00 1.168497629829982731e+00 -9.162492511848537191e+00
1.513812923431396484e+01 5.631559753417968750e+01 -4.147751998901367188e+01 1.274395046855177460e+00 1.124032241906872009e+00 -9.040075411130423788e+00
1.517726589483548949e+01 5.634256861607264710e+01 -4.166243666187347827e+01 1.155697692677044586e+00 1.048741181766088992e+00 -8.892953363999691163e+00
1.521568170609836734e+01 5.636895395940569387e+01 -4.184847870812858162e+01 1.064865953589963388e+00 9.524078720627990879e-01 -8.724126924483707413e+00
1.525355775536830905e+01 5.639365147602567419e+01 -4.203304256626922353e+01 1.013691520685854108e+00 8.501410105483314661e-01 -8.540209184173894741e+00
1.529107512991101281e+01 5.641555907777938472e+01 -4.221352467478561010e+01 1.013966085056635436e+00 7.570492949740141864e-01 -8.347813234661671800e+00
1.532841491699218572e+01 5.643357467651366477e+01 -4.238732147216797586e+01 1.077481337794227167e+00 6.882414230911760855e-01 -8.153552167538459017e+00
1.536567503779121679e+01 5.644697592272004272e+01 -4.255253253886693443e+01 1.209711616970424952e+00 6.529683731121512791e-01 -7.963431053747580535e+00
1.540262074914218360e+01 5.645655942146868256e+01 -4.271007002317472967e+01 1.390861848576527615e+00 6.370502450932948868e-01 -7.781022881639950484e+00
1.543893414179286161e+01 5.646350151647451554e+01 -4.286154921534398454e+01 1.594819605583711164e+00 6.204494195519679733e-01 -7.609292618918391149e+00
1.547429730649099966e+01 5.646897855145237344e+01 -4.300858540562730781e+01 1.795472460963149830e+00 5.831282770055308262e-01 -7.451205233285715046e+00
1.550839233398437500e+01 5.647416687011718039e+01 -4.315279388427734375e+01 1.966707987686018955e+00 5.050491979713443991e-01 -7.309725692444743572e+00
1.554103442702211346e+01 5.648006342913119937e+01 -4.329539762968030203e+01 2.086705231381833059e+00 3.760733826632330357e-01 -7.184582960006594909e+00
1.557257123635877427e+01 5.648694763694611254e+01 -4.343605037275650460e+01 2.150809128313458274e+00 2.256573100808728916e-01 -7.062561983215595696e+00
1.560348352475030254e+01 5.649491951496106878e+01 -4.357401353255998799e+01 2.158656087402101242e+00 9.315627892040444225e-02 -6.927211705224384453e+00
1.563425205495262915e+01 5.650407908457517436e+01 -4.370854852814466085e+01 2.109882517568967053e+00 1.792558787796726116e-02 -6.762081069185587268e+00
1.566535758972167969e+01 5.651452636718749289e+01 -4.383891677856444602e+01 2.004124827735259906e+00 3.932053564970158094e-02 -6.550719018251834669e+00
1.569709192483567328e+01 5.652627521305009139e+01 -4.396452428127910395e+01 1.846075030850292009e+00 1.800392789789236059e-01 -6.281927821080348195e+00
1.572899098816197494e+01 5.653899478782689414e+01 -4.408535534737146833e+01 1.660647555975800715e+00 3.961514067976502074e-01 -5.965523048346714319e+00
1.576040174059020593e+01 5.655226808603466537e+01 -4.420153886633012519e+01 1.477812436201615620e+00 6.270693660850898965e-01 -5.616573596231079435e+00
1.579067114301001062e+01 5.656567810219027592e+01 -4.431320372764368898e+01 1.327539704617579197e+00 8.122056038204373829e-01 -5.250148360913615697e+00
1.581914615631103516e+01 5.657880783081054688e+01 -4.442047882080077414e+01 1.239799394313530367e+00 8.909725669828908456e-01 -4.881316238574489041e+00
1.584545486063469255e+01 5.659141399625625013e+01 -4.452323034285949888e+01 1.234458182635816081e+00 8.243573757004531988e-01 -4.520485714165607405e+00
1.587034981312955928e+01 5.660394824226388977e+01 -4.462027372115602475e+01 1.290969323956816073e+00 6.596458426963470734e-01 -4.159423627725851169e+00
1.589486469019599646e+01 5.661703594241391357e+01 -4.471016169059604550e+01 1.378682716905418770e+00 4.656984538425996689e-01 -3.785236408065846270e+00
1.592003316823436343e+01 5.663130247028675512e+01 -4.479144698608523356e+01 1.466948260110513047e+00 3.113756950112384625e-01 -3.385030483996216422e+00
1.594688892364501953e+01 5.664737319946289062e+01 -4.486268234252929688e+01 1.525115852200986888e+00 2.655380520742908201e-01 -2.945912284327588004e+00
1.597600897411724929e+01 5.666628739933700132e+01 -4.492255776525162503e+01 1.530504838944412027e+00 3.882625385131380780e-01 -2.459281214855371100e+00
1.600614370249605400e+01 5.669073992256092964e+01 -4.497031234124660415e+01 1.492312354663098084e+00 7.044922782465392608e-01 -1.933708589314211634e+00
1.603558683291535303e+01 5.672383951760070886e+01 -4.500532242792630910e+01 1.427704980818032210e+00 1.230386922802646499e+00 -1.382058698423472398e+00
1.606263208950907284e+01 5.676869493292244329e+01 -4.502696438270283608e+01 1.353849298870211326e+00 1.982106123709534984e+00 -8.171958329026121071e-01
1.608557319641113637e+01 5.682841491699219461e+01 -4.503461456298828125e+01 1.287911890280623028e+00 2.975809532495345522e+00 -2.519842834710145363e-01
1.610354816043781412e+01 5.690622714736252163e+01 -4.502857048700312248e+01 1.246216534785252295e+00 4.212491717235189448e+00 2.888895918144013253e-01
1.611907211913475635e+01 5.700583501793186514e+01 -4.501281431620131457e+01 1.241715805220072300e+00 5.632486912191723150e+00 7.334511655465126845e-01
1.613550449272998932e+01 5.713106085168521275e+01 -4.499224937284521531e+01 1.286519472696050048e+00 7.160964268174769387e+00 9.979037429807466886e-01
1.615620470145151799e+01 5.728572697160746685e+01 -4.497177897919717537e+01 1.392737308324147438e+00 8.723092935993888020e+00 9.984506293724721981e-01
1.618453216552734020e+01 5.747365570068359375e+01 -4.495630645751953836e+01 1.572479083215339912e+00 1.024404206645891158e+01 6.512951299770766145e-01
1.622295352023991555e+01 5.769691762815631364e+01 -4.495077646715584052e+01 1.828012390368935591e+00 1.164894788027558370e+01 -9.370984690965006303e-02
1.627036426108943346e+01 5.795057640829951140e+01 -4.496029901577434629e+01 2.122236110337709647e+00 1.286281487773462473e+01 -1.152112980830543254e+00
1.632476709863050601e+01 5.822794396164480446e+01 -4.499002544812449855e+01 2.408206945562746171e+00 1.381061462902270165e+01 -2.405813348287912934e+00
1.638416474341777729e+01 5.852233220872388131e+01 -4.504510710895576153e+01 2.638981598485180324e+00 1.441731870432668750e+01 -3.736710025784269806e+00
1.644655990600585938e+01 5.882705307006835938e+01 -4.513069534301757812e+01 2.767616771546101972e+00 1.460789867383329899e+01 -5.026702089821899477e+00
1.651025795208396829e+01 5.913540003898683750e+01 -4.524993619320169103e+01 2.764160450197821195e+00 1.434173931720678574e+01 -6.179227973171977695e+00
1.657477486787959009e+01 5.944059289989548489e+01 -4.539795449496890711e+01 2.666625751937392597e+00 1.371587825202120037e+01 -7.183883533680099909e+00
1.663992929475481475e+01 5.973583300998750900e+01 -4.556786978192242543e+01 2.530017077273054582e+00 1.286176630532798271e+01 -8.051803985460722402e+00
1.670553987407172158e+01 6.001432172645601071e+01 -4.575280158766533134e+01 2.409338826713061987e+00 1.191085430417869162e+01 -8.794124542628127372e+00
1.677142524719238281e+01 6.026926040649414062e+01 -4.594586944580078125e+01 2.359595400765648776e+00 1.099459307562472254e+01 -9.421980419296739129e+00
1.683730466471036280e+01 6.049590503694131627e+01 -4.614158578518393483e+01 2.417828113420657843e+00 1.021595899420060327e+01 -9.947914023270463701e+00
1.690249981414514835e+01 6.069773012322205830e+01 -4.634003461567813531e+01 2.549225932594307409e+00 9.564030624372520606e+00 -1.039009653711167935e+01
1.696623299224769355e+01 6.088026480040711874e+01 -4.654269284239870075e+01 2.701014739684392207e+00 8.999412078089743972e+00 -1.076810633707227716e+01
1.702772649576898090e+01 6.104903820356732780e+01 -4.675103737046104158e+01 2.820420416088733173e+00 8.482707467301434434e+00 -1.110152179940422457e+01
1.708620262145996094e+01 6.120957946777343750e+01 -4.696654510498046875e+01 2.854668843205125484e+00 7.974520903956848983e+00 -1.140992130035942154e+01
1.714122320291735591e+01 6.136614024415611368e+01 -4.719019249833797147e+01 2.768611450686579101e+00 7.447410359478400466e+00 -1.170800907184671047e+01
1.719370822112087538e+01 6.151786224808542869e+01 -4.742095419197678297e+01 2.597601861206899621e+00 6.921749243181569256e+00 -1.199099276840241757e+01
1.724491719389599353e+01 6.166260971099139709e+01 -4.765730437460581470e+01 2.394619245695074561e+00 6.429864823854998690e+00 -1.224920590021980793e+01
1.729610963906817389e+01 6.179824686430397662e+01 -4.789771723493389999e+01 2.212642775080119861e+00 6.004084370287416483e+00 -1.247298197749210047e+01
1.734854507446289062e+01 6.192263793945312500e+01 -4.814066696166991477e+01 2.104651620291019487e+00 5.676735151267465973e+00 -1.265265451041254963e+01
1.740323796368369713e+01 6.203450716148309851e+01 -4.838529574123960231e+01 2.107395449292159384e+00 5.466526822268817476e+00 -1.278443748303202376e+01
1.746022255344654894e+01 6.213601872989520558e+01 -4.863341775093619646e+01 2.192705918189413072e+00 5.337698585504901949e+00 -1.288806677483198193e+01
1.751928803624547726e+01 6.223019683780501765e+01 -4.888751516576984102e+01 2.316185180124045395e+00 5.240872029874119598e+00 -1.298915873915151487e+01
1.758022360457452749e+01 6.232006567832811328e+01 -4.915007016075061586e+01 2.433435388237302544e+00 5.126668744274880396e+00 -1.311332972932970975e+01
1.764281845092773438e+01 6.240864944458007812e+01 -4.942356491088867188e+01 2.500058695670448916e+00 4.945710317605572115e+00 -1.328619609870566798e+01
1.770675035738690539e+01 6.249802297392517403e+01 -4.970928548641062861e+01 2.485426060530137704e+00 4.661591125598803842e+00 -1.352217178413171972e+01
1.777125146438491399e+01 6.258646368072243149e+01 -5.000373353840923585e+01 2.413983660784632335e+00 4.289796691323898514e+00 -1.379086105651325056e+01
1.783544250194239922e+01 6.267129962357955009e+01 -5.030221461319371912e+01 2.323946479367606788e+00 3.858785324684423923e+00 -1.405066577026885355e+01
1.789844420008000014e+01 6.274985886110427913e+01 -5.060003425707337499e+01 2.253529499212720832e+00 3.397015335583882578e+00 -1.425998777981717325e+01
1.795937728881835938e+01 6.281946945190429688e+01 -5.089249801635742188e+01 2.240947703253648449e+00 2.932945033925851597e+00 -1.437722893957680270e+01
1.801767001533801960e+01 6.287820450116582549e+01 -5.117610445789326690e+01 2.313076745026259484e+00 2.492866247222213616e+00 -1.437384120123096842e+01
1.807398069545910602e+01 6.292711730038890039e+01 -5.145212423068076646e+01 2.451434960475228575e+00 2.094404873418469037e+00 -1.427347690552124426e+01
1.812927516216168300e+01 6.296800618765215063e+01 -5.172302100425798699e+01 2.626201356147451982e+00 1.753020328068431777e+00 -1.411283849045381444e+01
1.818451924842577938e+01 6.300266950103409158e+01 -5.199125844816291675e+01 2.807554938589800653e+00 1.484172026725979476e+00 -1.392862839403485964e+01
1.824067878723144531e+01 6.303290557861328125e+01 -5.225930023193359375e+01 2.965674714349172625e+00 1.303319384944936266e+00 -1.375754905427054098e+01
1.829835299800908643e+01 6.306012545207564557e+01 -5.252906752552219416e+01 3.075891154283259876e+00 1.215049957310170958e+00 -1.362848210723471354e+01
1.835667464599057652e+01 6.308419092753639745e+01 -5.280031150053762445e+01 3.134140586493053604e+00 1.180463854530547030e+00 -1.353902598127182522e+01
1.841440988285814129e+01 6.310457650471812485e+01 -5.307224082900285111e+01 3.141510803390347828e+00 1.149789326345944440e+00 -1.347895830279399831e+01
1.847032486029403131e+01 6.312075668334338729e+01 -5.334406418294098273e+01 3.099089597386946338e+00 1.073254622496235822e+00 -1.343805669821335513e+01
1.852318572998046875e+01 6.313220596313476562e+01 -5.361499023437500000e+01 3.007964760894650702e+00 9.010879927213049090e-01 -1.340609879394201442e+01
1.857210794929067887e+01 6.313860673984803640e+01 -5.388419764460778794e+01 2.873023865188061077e+00 6.005117956116727829e-01 -1.337221739126781550e+01
1.861760419836179992e+01 6.314047299337174479e+01 -5.415074503206135859e+01 2.714353596993014150e+00 2.067248251605427745e-01 -1.332296599098147993e+01
1.866053646302195901e+01 6.313852659962770275e+01 -5.441366100443762832e+01 2.555840421898128767e+00 -2.280800157882811319e-01 -1.324425326874945874e+01
1.870176672909927262e+01 6.313348943453767959e+01 -5.467197416943841404e+01 2.421370805492049083e+00 -6.517098243909246191e-01 -1.312198790023820472e+01
1.874215698242187500e+01 6.312608337402343750e+01 -5.492471313476562500e+01 2.334831213363394831e+00 -1.011971697803586423e+00 -1.294207856111415289e+01
1.878253742467683196e+01 6.311688481387406569e+01 -5.517140089873223729e+01 2.311565185695113822e+00 -1.265490998812560441e+00 -1.269728573629453550e+01
1.882361112098703160e+01 6.310588822934774100e+01 -5.541353802209584956e+01 2.332744561047376042e+00 -1.404166152724839467e+00 -1.240777714769962614e+01
1.886604935233429714e+01 6.309294261556991756e+01 -5.565311945622517698e+01 2.370998252574666676e+00 -1.428713850477558278e+00 -1.210057232650044767e+01
1.891052339970047313e+01 6.307789696766609211e+01 -5.589214015248893475e+01 2.398955173431464694e+00 -1.339850783007852097e+00 -1.180269080386807801e+01
1.895770454406738281e+01 6.306060028076171875e+01 -5.613259506225585227e+01 2.389244236772254393e+00 -1.138293641252849708e+00 -1.154115211097353821e+01
1.900781885957034945e+01 6.304121460035884894e+01 -5.637562719674254907e+01 2.322216761050024836e+00 -8.332674124597448939e-01 -1.133599334195795549e+01
1.905931159295863253e+01 6.302115417346583826e+01 -5.661897180655718387e+01 2.209113685911789471e+00 -4.680302691158446660e-01 -1.117932184284266128e+01
1.911018278413498095e+01 6.300214629746761119e+01 -5.685951220215579127e+01 2.068898356303082053e+00 -9.434868001855375996e-02 -1.105626252261908427e+01
1.915843247300215424e+01 6.298591826974912777e+01 -5.709413169399449828e+01 1.920534117169415467e+00 2.360108860347868431e-01 -1.095194029027862292e+01
1.920206069946289418e+01 6.297419738769531250e+01 -5.731971359252930398e+01 1.782984313456327907e+00 4.712819602467758773e-01 -1.085148005481270062e+01
1.923975513020584316e+01 6.296825071169250521e+01 -5.753421958675852466e+01 1.672467804268502833e+00 5.755407890353615441e-01 -1.074402183608260231e+01
1.927295393906321053e+01 6.296750435413265734e+01 -5.773992487984929056e+01 1.594225505347321326e+00 5.762344796796664559e-01 -1.063476609742915890e+01
1.930378292665310980e+01 6.297092419040919964e+01 -5.794018305351099940e+01 1.550753846593320606e+00 5.166528546741255834e-01 -1.053292841306307892e+01
1.933436789359365093e+01 6.297747609591549889e+01 -5.813834768945304177e+01 1.544549257907047002e+00 4.400857365131757848e-01 -1.044772435719508152e+01
1.936683464050293324e+01 6.298612594604492188e+01 -5.833777236938477273e+01 1.578108169189042398e+00 3.898229476912449254e-01 -1.038836950403586101e+01
1.940282576548032623e+01 6.299607793250984145e+01 -5.854098670475857347e+01 1.651563976032533132e+00 4.003883056791752715e-01 -1.036013496341560547e+01
1.944205105655025534e+01 6.300748951229843442e+01 -5.874722442599882299e+01 1.755597936801500669e+00 4.712416078534273911e-01 -1.035251398764232178e+01
1.948373709921839847e+01 6.302075645871784104e+01 -5.895489529327285538e+01 1.878528275552596938e+00 5.930766465668594334e-01 -1.035105536464348930e+01
1.952711047899044416e+01 6.303627454507523709e+01 -5.916240906674808286e+01 2.008673216342493628e+00 7.565872141723468669e-01 -1.034130788234658738e+01
1.957139778137207031e+01 6.305443954467773438e+01 -5.936817550659179688e+01 2.134350983227840892e+00 9.524671030227394031e-01 -1.030882032867909359e+01
1.961588033021172706e+01 6.307549874601227202e+01 -5.957121628463690399e+01 2.244638620693447439e+00 1.169785197737588600e+00 -1.024514257479733992e+01
1.966005840272892868e+01 6.309910549828490645e+01 -5.977300071937810344e+01 2.331648454936650960e+00 1.391110752003088313e+00 -1.016582882477310434e+01
1.970348701448597950e+01 6.312476466588149293e+01 -5.997561004097567405e+01 2.388251632582943262e+00 1.597388111772140240e+00 -1.009243436590701393e+01
1.974572118104515539e+01 6.315198111318785124e+01 -6.018112547958985203e+01 2.407319300257803718e+00 1.769561622997609662e+00 -1.004651448549970461e+01
1.978631591796874645e+01 6.318025970458984375e+01 -6.039162826538085938e+01 2.381722604586718361e+00 1.888575631632393614e+00 -1.004962447085180344e+01
1.982511334763272970e+01 6.320935139984732132e+01 -6.060848821406692366e+01 2.309566585852153686e+00 1.944595904465256986e+00 -1.011820127887554044e+01
1.986310401966780148e+01 6.323999154021623070e+01 -6.083022948359815274e+01 2.209891858964497136e+00 1.964673891628546443e+00 -1.024820854492952193e+01
1.990156559051834506e+01 6.327316156232650002e+01 -6.105466481748264584e+01 2.106972932491109063e+00 1.985082464090495824e+00 -1.043049157398396076e+01
1.994177571662873305e+01 6.330984290280811422e+01 -6.127960695922848089e+01 2.025084314999366697e+00 2.042094492819337859e+00 -1.065589567100904844e+01
1.998501205444335938e+01 6.335101699829101562e+01 -6.150286865234374289e+01 1.988500515056631723e+00 2.171982848783311937e+00 -1.091526614097500669e+01
2.003218899959425769e+01 6.339732685577032356e+01 -6.172307850924187989e+01 2.015770900389336706e+00 2.398285891209227305e+00 -1.119890117733318213e+01
2.008276790446410942e+01 6.344806176370177297e+01 -6.194212861795776348e+01 2.102544275360161752e+00 2.693603932358262121e+00 -1.149491052745960751e+01
2.013584686062325702e+01 6.350217258090626160e+01 -6.216272693543159278e+01 2.238744303490838750e+00 3.017802772750134643e+00 -1.179085682721142980e+01
2.019052395964205004e+01 6.355861016620468718e+01 -6.238758141860363082e+01 2.414294648303120905e+00 3.330748212904617755e+00 -1.207430271244584752e+01
2.024589729309081676e+01 6.361632537841796875e+01 -6.261940002441406250e+01 2.619118973318732113e+00 3.592306053341427496e+00 -1.233281081902000764e+01
2.030112517608496958e+01 6.367452733429797007e+01 -6.286009557611398435e+01 2.841285656260033932e+00 3.769037604612784698e+00 -1.255720939307712491e+01
2.035560681792009063e+01 6.373345818232044735e+01 -6.310840036219774163e+01 3.061441931651767145e+00 3.854286217400683334e+00 -1.275138912190442930e+01
2.040880165143685332e+01 6.379361832889220807e+01 -6.336225153747063388e+01 3.258379748219317307e+00 3.848090752419599081e+00 -1.292250630307522918e+01
2.046016910947591327e+01 6.385550818041999577e+01 -6.361958625673787537e+01 3.410891054688032664e+00 3.750490070383996066e+00 -1.307771723416277609e+01
2.050916862487792969e+01 6.391962814331054688e+01 -6.387834167480468750e+01 3.497767799783290776e+00 3.561523032008330425e+00 -1.322417821274036243e+01
2.055569266606099887e+01 6.398608626797533105e+01 -6.413732830983738609e+01 3.506340206588795194e+00 3.289376604697340056e+00 -1.336903618473404087e+01
2.060136584375299407e+01 6.405342118084455194e+01 -6.439885013344658660e+01 3.458091595621638259e+00 2.974830182616749585e+00 -1.351940068948102081e+01
2.064824580425920786e+01 6.411977915235303271e+01 -6.466608448060384262e+01 3.383043561757256512e+00 2.666811266622588938e+00 -1.368237191467126301e+01
2.069839019388495771e+01 6.418330645293568182e+01 -6.494220868628084986e+01 3.311217699871082942e+00 2.414247357570837416e+00 -1.386505004799477270e+01
2.075385665893554688e+01 6.424214935302734375e+01 -6.523040008544921875e+01 3.272635604838556311e+00 2.266065956317517838e+00 -1.407453527714150709e+01
2.081597828992005716e+01 6.429499719218937059e+01 -6.553235900680208204e+01 3.287136479237621867e+00 2.253350678790808193e+00 -1.431107247704257546e+01
2.088318995416266333e+01 6.434271158648887479e+01 -6.584387775391830644e+01 3.333829956456268118e+00 2.335809601207641695e+00 -1.454748527159345706e+01
2.095320196319134709e+01 6.438669722111947635e+01 -6.615927162409838047e+01 3.381643277585002938e+00 2.455306914857140921e+00 -1.474974197193079384e+01
2.102372462853405111e+01 6.442835878127479532e+01 -6.647285591464266474e+01 3.399503683714323987e+00 2.553706811028413792e+00 -1.488381088919117445e+01
2.109246826171875000e+01 6.446910095214843750e+01 -6.677894592285157671e+01 3.356338415934736030e+00 2.572873481010585106e+00 -1.491566033451122308e+01
2.115756090704686443e+01 6.451012674549380677e+01 -6.707326679088406252e+01 3.231079480437940354e+00 2.472180825440606800e+00 -1.482433587421712318e+01
2.121880153991372353e+01 6.455183247930351342e+01 -6.735718304033333936e+01 3.042677943820410569e+00 2.281041582346770902e+00 -1.464119209539335564e+01
2.127640686848810248e+01 6.459441279813000847e+01 -6.763346903765111051e+01 2.820089637779841230e+00 2.046378199105229001e+00 -1.441066084031399086e+01
2.133059360093878709e+01 6.463806234652567184e+01 -6.790489914928916448e+01 2.592270394013903356e+00 1.815113123092108482e+00 -1.417717395125308499e+01
2.138157844543457031e+01 6.468297576904296875e+01 -6.817424774169921875e+01 2.388176044220266636e+00 1.634168801683536287e+00 -1.398516327048468533e+01
2.142971076011512466e+01 6.472910239321824122e+01 -6.844376212311873076e+01 2.232665190242489661e+00 1.540320168503433340e+00 -1.386853560008376540e+01
2.147587050300372269e+01 6.477541027852360855e+01 -6.871358136892807522e+01 2.134207514507546311e+00 1.529752102166772598e+00 -1.381909758132886701e+01
2.152107028209451656e+01 6.482062216741518057e+01 -6.898331749629325316e+01 2.097175469588296259e+00 1.588501967536305681e+00 -1.381813081529943865e+01
2.156632270538168328e+01 6.486346080234903866e+01 -6.925258252238037926e+01 2.125941508057585860e+00 1.702607129474787984e+00 -1.384691690307493595e+01
2.161264038085937500e+01 6.490264892578125000e+01 -6.952098846435546875e+01 2.224878082488262798e+00 1.858104952844959357e+00 -1.388673744573479851e+01
2.166089082177974490e+01 6.493772204344966781e+01 -6.978862215560583593e+01 2.392269639494353228e+00 2.042163704472441221e+00 -1.392285747875675384e+01
2.171136116242686143e+01 6.497146671421921837e+01 -7.005746969440362193e+01 2.602048601854531462e+00 2.246475259034247163e+00 -1.395647577521162397e+01
2.176419344234280473e+01 6.500748226023658560e+01 -7.032999199524225276e+01 2.822059386388675151e+00 2.463862393170286769e+00 -1.399277454256851527e+01
2.181952970106963363e+01 6.504936800364848182e+01 -7.060864997261514020e+01 3.020146409916622865e+00 2.687147883520428326e+00 -1.403693598829653055e+01
2.187751197814941762e+01 6.510072326660156250e+01 -7.089590454101562500e+01 3.164154089258248703e+00 2.909154506724579647e+00 -1.409414231986476906e+01
2.193802464356182114e+01 6.516362875671357813e+01 -7.119308690094231906e+01 3.231137983502477162e+00 3.118533003229170486e+00 -1.416663605634975731e+01
2.199992138903689920e+01 6.523409072348626125e+01 -7.149700939691447843e+01 3.234998220814561343e+00 3.287245968706897337e+00 -1.424490096325772903e+01
2.206179823674229112e+01 6.530659680189238259e+01 -7.180335465945645979e+01 3.198846071628824728e+00 3.383083962636985742e+00 -1.431648111770233101e+01
2.212225120884566110e+01 6.537563462690474125e+01 -7.210780531909273350e+01 3.145792806379591244e+00 3.373837544498683005e+00 -1.436892059679722244e+01
2.217987632751464844e+01 6.543569183349609375e+01 -7.240604400634765625e+01 3.098949695501189705e+00 3.227297273771227992e+00 -1.438976347765605190e+01
2.223375176913413043e+01 6.548282555176635356e+01 -7.269490987929675896e+01 3.074806523962888338e+00 2.928477006372972369e+00 -1.436934019184351996e+01
2.228488432695779764e+01 6.551937089232403366e+01 -7.297586820621972947e+01 3.063367134873747677e+00 2.531283783978795832e+00 -1.430912658872849974e+01
2.233476294845659638e+01 6.554923246090478983e+01 -7.325154078294748672e+01 3.048013885877773888e+00 2.106847944702647801e+00 -1.421338487213090751e+01
2.238487658110144807e+01 6.557631486324426362e+01 -7.352454940531083594e+01 3.012129134618974469e+00 1.726299826658543424e+00 -1.408637724587066309e+01
2.243671417236327770e+01 6.560452270507811079e+01 -7.379751586914061079e+01 2.939095238741352034e+00 1.460769767960430787e+00 -1.393236591376767919e+01
2.249123315722102490e+01 6.563658978817412049e+01 -7.407222225130429649e+01 2.819017657245604269e+00 1.358708946342539914e+00 -1.375674715985062768e+01
2.254726492068563104e+01 6.567056669842851591e+01 -7.434709175281595606e+01 2.668894254559152301e+00 1.377851898019970101e+00 -1.356945358898313003e+01
2.260310933527605215e+01 6.570333321776968205e+01 -7.461970785572621878e+01 2.512445996466125209e+00 1.453253998828056837e+00 -1.338155188623757219e+01
2.265706627351124069e+01 6.573176912812597550e+01 -7.488765404208577081e+01 2.373393848750632973e+00 1.519970624602138498e+00 -1.320410873668632767e+01
2.270743560791015625e+01 6.575275421142576704e+01 -7.514851379394531250e+01 2.275458777196786464e+00 1.513057151177551241e+00 -1.304819082540176467e+01
2.275312662187922896e+01 6.576422056897460777e+01 -7.540079718482191140e+01 2.235937627192794430e+00 1.385991355013839854e+00 -1.291926729266074680e+01
2.279548624237486365e+01 6.576830957958682689e+01 -7.564672065409844492e+01 2.246430762543189186e+00 1.165940615067368791e+00 -1.280041709955802176e+01
2.283647080724093925e+01 6.576821494145391966e+01 -7.588942723262415768e+01 2.292114426656587600e+00 8.984947109187397807e-01 -1.266912166239283088e+01
2.287803665432134892e+01 6.576713035276739561e+01 -7.613205995124835113e+01 2.358164862941612316e+00 6.292434221485142531e-01 -1.250286239746439421e+01
2.292214012145996094e+01 6.576824951171875000e+01 -7.637776184082031250e+01 2.429758314806877539e+00 4.037765283372982128e-01 -1.227912072107195840e+01
2.297008184268881692e+01 6.577401102918909714e+01 -7.662849538147834494e+01 2.491971204314086918e+00 2.579218593351663702e-01 -1.198515414997228490e+01
2.302053963679244575e+01 6.578383316681784265e+01 -7.688150085051681515e+01 2.529480668137249921e+00 1.884594460702654906e-01 -1.164732460275235759e+01
2.307153561874357806e+01 6.579637909893411063e+01 -7.713283797451930468e+01 2.526864021603467236e+00 1.824073697402336935e-01 -1.130177009845666625e+01
2.312109190351489829e+01 6.581031199986692570e+01 -7.737856648006919613e+01 2.468698580039834223e+00 2.267837115427162875e-01 -1.098462865612974859e+01
2.316723060607909801e+01 6.582429504394531250e+01 -7.761474609375000000e+01 2.339561658773440911e+00 3.086065526753611898e-01 -1.073203829481608906e+01
2.320859279081279780e+01 6.583721822442531391e+01 -7.783857779561245138e+01 2.134741721120473557e+00 4.127336531745686710e-01 -1.057014260450635845e+01
2.324629531970827401e+01 6.584887881027069056e+01 -7.805182757957645379e+01 1.892371822353403843e+00 5.153814884318045353e-01 -1.048510745897572782e+01
2.328207400416169648e+01 6.585930088937213611e+01 -7.825740269302910690e+01 1.661296165733819441e+00 5.906062126772800847e-01 -1.045310430294552795e+01
2.331766465556926349e+01 6.586850854962042945e+01 -7.845821038335765252e+01 1.490358954523270274e+00 6.124639801412211648e-01 -1.045030458113708072e+01
2.335480308532714844e+01 6.587652587890623579e+01 -7.865715789794921875e+01 1.428404391983338018e+00 5.550109450538457390e-01 -1.045287973827170802e+01
2.339471285709708681e+01 6.588344871471123554e+01 -7.885649610941170806e+01 1.505589506134934474e+00 4.067189561330340486e-01 -1.044073341136694033e+01
2.343656854360296293e+01 6.588965989288064407e+01 -7.905585039123599245e+01 1.677322624036368115e+00 2.137226400473420107e-01 -1.040869800662513001e+01
2.347903246983422676e+01 6.589561399885072035e+01 -7.925418974213376089e+01 1.880324897505317283e+00 3.657231795296329163e-02 -1.035533812254484864e+01
2.352076696078031404e+01 6.590176561805760969e+01 -7.945048316081657447e+01 2.051317478359429014e+00 -6.418168899387925730e-02 -1.027921835762466252e+01
2.356043434143066406e+01 6.590856933593750000e+01 -7.964369964599609375e+01 2.127021518416381873e+00 -2.798905963698395880e-02 -1.017890331036313079e+01
2.359716163101858655e+01 6.591641074485477247e+01 -7.983329909486573683e+01 2.064920311823681409e+00 1.829560300549777363e-01 -1.005530675442189725e+01
2.363193462575291903e+01 6.592539946488638236e+01 -8.002070499854596619e+01 1.905545722048231694e+00 5.154814156138466386e-01 -9.918739164114857232e+00
2.366620381608635171e+01 6.593557612303747817e+01 -8.020783174663901605e+01 1.710191754886800197e+00 8.936704354465423439e-01 -9.781860188919003107e+00
2.370141969247158897e+01 6.594698134631322262e+01 -8.039659372874716325e+01 1.540152416136134184e+00 1.241606427960028736e+00 -9.657329478311307724e+00
2.373903274536132812e+01 6.595965576171873579e+01 -8.058890533447265625e+01 1.456721711592984914e+00 1.483372731561264146e+00 -9.557806681768740376e+00
2.378010447075726219e+01 6.597376377461969810e+01 -8.078588429335192700e+01 1.500932700447060952e+00 1.566536202745133277e+00 -9.490888443777480532e+00
2.382414038685703517e+01 6.598996490382381808e+01 -8.098546169465832634e+01 1.632774655459843682e+00 1.532597770358385958e+00 -9.443919388860431141e+00
2.387025701740727612e+01 6.600904244649932195e+01 -8.118477196759926073e+01 1.791975902785746921e+00 1.446541881335723811e+00 -9.399181136549703552e+00
2.391757088615462123e+01 6.603177969981447859e+01 -8.138094954138226456e+01 1.918264768579206470e+00 1.373352982611842465e+00 -9.338955306377393129e+00
2.396519851684570312e+01 6.605895996093750000e+01 -8.157112884521485796e+01 1.951369578994636145e+00 1.378015521121447540e+00 -9.245523517875609443e+00
2.401222145030783395e+01 6.609093527971330673e+01 -8.175329318729293959e+01 1.852172336399002361e+00 1.504233997790236810e+00 -9.109031865571362019e+00
2.405758129569101555e+01 6.612633271669334079e+01 -8.192882139176613521e+01 1.666169748009436180e+00 1.710593129507879562e+00 -8.951084343971338342e+00
2.410018467922595420e+01 6.616334808510580956e+01 -8.209994116177257695e+01 1.460012197255588173e+00 1.934397687155068990e+00 -8.801149422577124071e+00
2.413893822714332771e+01 6.620017719817886359e+01 -8.226888020045035432e+01 1.300350067567138890e+00 2.112952441612464316e+00 -8.688695570890327957e+00
2.417274856567382457e+01 6.623501586914062500e+01 -8.243786621093750000e+01 1.253833742373739790e+00 2.183562163760754515e+00 -8.643191258412532108e+00
2.420127459007196080e+01 6.626671709139043287e+01 -8.260877498872642377e+01 1.364178545681968169e+00 2.108222579382481143e+00 -8.685072850636970543e+00
2.422718427168748789e+01 6.629676257901219572e+01 -8.278207469872643287e+01 1.583359563806043591e+00 1.947693233867663798e+00 -8.798648297023385467e+00
2.425389785089398842e+01 6.632729122626101059e+01 -8.295788159820111218e+01 1.840416823637066823e+00 1.787424627508208852e+00 -8.959193443023144354e+00
2.428483556806504140e+01 6.636044192739197456e+01 -8.313631194441408923e+01 2.064390352066179268e+00 1.712867260596001806e+00 -9.141984134087637770e+00
2.432341766357421875e+01 6.639835357666015625e+01 -8.331748199462890625e+01 2.184320175984480805e+00 1.809471633422941039e+00 -9.322296215668222530e+00
2.437176357868655430e+01 6.644253259740078477e+01 -8.350138072254753752e+01 2.150998985491336946e+00 2.128281469515912239e+00 -9.479711764993767886e+00
2.442678955823284781e+01 6.649195552926958896e+01 -8.368748796762506004e+01 2.002230123519045168e+00 2.582713385341683043e+00 -9.611037786403032968e+00
2.448411104793538939e+01 6.654496644100248659e+01 -8.387515628575501125e+01 1.797569596208126397e+00 3.051777220602069018e+00 -9.717387516012280457e+00
2.453934349351643007e+01 6.659990940133529591e+01 -8.406373823283087177e+01 1.596573409699126866e+00 3.414482814998808013e+00 -9.799874189937755276e+00
2.458810234069824219e+01 6.665512847900390625e+01 -8.425258636474609375e+01 1.458797570132562171e+00 3.549840008233705824e+00 -9.859611044295713000e+00
2.462737240438594810e+01 6.670922393013924534e+01 -8.444147610789995895e+01 1.428369333286072962e+00 3.377727462014913584e+00 -9.899451142619678734e+00
2.465961597621607737e+01 6.676182076045239455e+01 -8.463187437071478314e+01 1.487700953485675770e+00 2.981499126076122330e+00 -9.929206858112278766e+00
2.468866471700801668e+01 6.681280016304940261e+01 -8.482567093211869746e+01 1.603775934694483540e+00 2.485377772157455922e+00 -9.960430391393410687e+00
2.471835028758115627e+01 6.686204333103641773e+01 -8.502475557103980464e+01 1.743577780875617877e+00 2.013586171998983598e+00 -1.000467394308297742e+01
2.475250434875488281e+01 6.690943145751953125e+01 -8.523101806640625000e+01 1.874089995992202384e+00 1.690347097340779703e+00 -1.007348971380087832e+01
2.479400592852552876e+01 6.695492892081175285e+01 -8.544566217251282580e+01 1.969357415802985400e+00 1.608282275816983020e+00 -1.017489961306814550e+01
2.484192352359718825e+01 6.699883284005368012e+01 -8.566714754512126717e+01 2.031670203249298368e+00 1.733609258637776929e+00 -1.030280438601038817e+01
2.489437299785090829e+01 6.704152351959285738e+01 -8.589324781536001296e+01 2.070379853068101905e+00 2.000944552907364393e+00 -1.044757448665432698e+01
2.494947021516773589e+01 6.708338126377685739e+01 -8.612173661435753047e+01 2.094837859996365292e+00 2.344904665729978355e+00 -1.059958036902671985e+01
2.500533103942871094e+01 6.712478637695313921e+01 -8.635038757324218750e+01 2.114395718771050703e+00 2.700106104209801572e+00 -1.074919248715428033e+01
2.506007133451488755e+01 6.716611916346926137e+01 -8.657697432314247976e+01 2.138404924129125639e+00 3.001165375451074535e+00 -1.088678129506376635e+01
2.511180696430730208e+01 6.720775992767276819e+01 -8.679927049518686033e+01 2.176216970807554052e+00 3.182698986557984888e+00 -1.100271724678189678e+01
2.515865379268700508e+01 6.725008897391118978e+01 -8.701504972050375386e+01 2.237183353543304332e+00 3.179323444634757578e+00 -1.108737079633542244e+01
2.519872768353502224e+01 6.729348660653201364e+01 -8.722208563022155658e+01 2.330655567073335988e+00 2.925655256785605118e+00 -1.113111239775106753e+01
2.523014450073242188e+01 6.733833312988281250e+01 -8.741815185546875000e+01 2.465985106134623628e+00 2.356310930114715596e+00 -1.112431250505557756e+01
