1.229482323535129851e+01 2.378373858443854658e+02 1.299007910637064356e+02 1.252703970293768698e+01 1.277770076877834704e+01 -7.708092076157288375e+01
1.350861282788286566e+01 2.387356858696637971e+02 1.218938959287384876e+02 1.146957636918592094e+01 6.098184088861068552e+00 -8.084222313018840111e+01
1.470583998982685792e+01 2.390322574622407785e+02 1.134869293264813166e+02 1.133891640829478753e+01 -6.820552229578590309e-01 -8.427228794595005468e+01
1.575948326705142222e+01 2.386292495741486448e+02 1.054821498851136994e+02 1.149575750064493640e+01 -7.735295736638684971e+00 -8.717197978892721721e+01
1.690195563078023611e+01 2.374654963899515678e+02 9.643548888953952769e+01 1.058610167547067782e+01 -1.504606330104984835e+01 -9.035861617256378509e+01
1.791198013518980048e+01 2.355561125370078344e+02 8.704927162836274590e+01 9.643349855161805095e+00 -2.351991778594395655e+01 -9.368071569315115710e+01
1.890949184386378690e+01 2.327958883697468764e+02 7.738127266100030965e+01 9.134058165812254160e+00 -3.126504099267776127e+01 -9.702357998614027679e+01
1.982344595829363953e+01 2.291468165185104624e+02 6.741500694212022893e+01 8.683474880814198826e+00 -4.071667938520399588e+01 -9.965793348783179795e+01
2.064099967911386813e+01 2.249488101188945279e+02 5.798244216603546164e+01 7.908816123140524290e+00 -4.926940388809370575e+01 -1.022315650377476004e+02
2.140879101552277675e+01 2.193990974384934134e+02 4.750111156056069461e+01 7.059001542068080504e+00 -6.008031711890451732e+01 -1.042077146608633313e+02
2.206440708973740428e+01 2.127230096770889247e+02 3.680336111787633513e+01 5.404423778586353144e+00 -7.075189128085601453e+01 -1.067452177992075946e+02
2.258365844409350132e+01 2.048786827556605203e+02 2.590286344735793023e+01 4.502261201609523589e+00 -8.354418643764807939e+01 -1.089106894709312172e+02
2.303984509150737026e+01 1.957047576914815181e+02 1.483801550153338589e+01 3.435166127219102528e+00 -9.712804875849049324e+01 -1.091266352837773184e+02
2.326190163619969553e+01 1.860019234757626805e+02 4.558749594526140037e+00 2.069064149216356618e+00 -1.109564124193541943e+02 -1.099892465931924761e+02
2.336666035414581089e+01 1.738983491366625742e+02 -6.529753105353649723e+00 4.681567482249385931e-02 -1.283255395352662447e+02 -1.086547920218614820e+02
2.315421946406810250e+01 1.599041900640108622e+02 -1.755229165832371763e+01 -3.445393827044413104e+00 -1.483931130258584403e+02 -1.072388211664547271e+02
2.268591653037091760e+01 1.437148742671892307e+02 -2.822963433783626996e+01 -6.281667783598336108e+00 -1.716698374484364820e+02 -1.023080418240303260e+02
2.182914333312456279e+01 1.249971757529552576e+02 -3.816329173971073629e+01 -1.132703688722652302e+01 -1.979284924830908778e+02 -9.295527792092276798e+01
2.056873245817527973e+01 1.050121435947466608e+02 -4.615095956149983181e+01 -1.592352370764754887e+01 -2.291154871708261282e+02 -7.613383904523099943e+01
1.846840133557200758e+01 7.987765578035153169e+01 -5.237888122824903547e+01 -2.494072080198819208e+01 -2.670166223833624031e+02 -4.276301871850576930e+01
1.530926217648837806e+01 5.083852170039074991e+01 -5.384556579404999610e+01 -3.714732170646192344e+01 -3.008822545309841985e+02 2.010980862509133260e+01
1.097467822655282177e+01 2.029070538794757184e+01 -4.682833613860839961e+01 -4.835429701377039891e+01 -2.903665075411676639e+02 1.204199740756873638e+02
5.903390805330702484e+00 -5.576312032547503961e+00 -3.057728746984854240e+01 -4.866643363186235405e+01 -2.130467248529454025e+02 1.896679695685285196e+02
1.711934198770340476e+00 -2.187652354677485178e+01 -1.210493067195758776e+01 -4.118483211919046028e+01 -1.384019501208445320e+02 1.993362856180386871e+02
-1.976856790560372890e+00 -3.285287565227280027e+01 7.539524982203213987e+00 -3.229385107610435313e+01 -8.003750587541061634e+01 1.845118665985812356e+02
-4.880749950123130176e+00 -3.879182454238987532e+01 2.509195056018489467e+01 -2.445851237107164167e+01 -3.946834062445481806e+01 1.622428270381517734e+02
-7.066404753097831559e+00 -4.117433878351101839e+01 4.037147579241049300e+01 -1.841806736361764862e+01 -8.726668067708693854e+00 1.387330584578400874e+02
-8.606576645608889464e+00 -4.085107987789316297e+01 5.335263783727820908e+01 -1.267701049207760100e+01 1.480192936909988433e+01 1.164156554616455850e+02
-9.546595652938531629e+00 -3.855533041467175792e+01 6.333502535694277924e+01 -8.457890378109613749e+00 3.243330900004613682e+01 9.727633417465943921e+01
-1.013963341326966727e+01 -3.439283160430917974e+01 7.211654971114538171e+01 -3.581949181313912156e+00 4.935841438297662620e+01 7.565291424091861927e+01
-1.029030122074327203e+01 -2.868500057372161649e+01 7.873550762010845006e+01 7.007722808563566774e-01 6.195071323893697723e+01 5.465901860553435654e+01
-9.976203662657811222e+00 -2.174373001900885072e+01 8.327478345190398556e+01 5.112230605109605364e+00 7.482739025958650814e+01 3.479877298195902569e+01
-9.277829338400634285e+00 -1.362272131706188460e+01 8.578485259983723665e+01 9.065825035629847761e+00 8.535150495336007737e+01 1.412884842982848888e+01
-8.300260293269406731e+00 -5.204015234352983299e+00 8.615414833483528412e+01 1.220415960727831717e+01 9.422562485845978131e+01 -6.032723935623096168e+00
-6.863676568852778104e+00 4.750460677914283281e+00 8.438430785720973404e+01 1.614885439488149288e+01 1.022380029146602283e+02 -2.955688487363135053e+01
-5.037179108197443078e+00 1.547052497370990309e+01 8.017793190290718996e+01 1.970604916968790121e+01 1.088845220226556876e+02 -5.391470946454088420e+01
-2.829515632413647008e+00 2.680282487846645978e+01 7.327445245006251184e+01 2.417267792007227456e+01 1.138359683801131581e+02 -8.246710172627955160e+01
-9.068959473371764057e-02 3.855588558880062777e+01 6.333128085834295007e+01 2.905924412276372237e+01 1.171614780684331123e+02 -1.146453940245059755e+02
2.842182833652883378e+00 4.955182546788031317e+01 5.095260852088527059e+01 3.387001284492528441e+01 1.168433993403920113e+02 -1.514960491595618066e+02
6.530266971192512315e+00 6.111614734802298443e+01 3.318827524546734509e+01 3.887348588666929317e+01 1.091587495984994973e+02 -2.007039654416824987e+02
1.077399073759803727e+01 7.115607346711733783e+01 9.644969029662425086e+00 4.436815784361576931e+01 8.343524805711561498e+01 -2.673922539569228434e+02
1.544794522669645076e+01 7.615631216960053962e+01 -2.169112829966940836e+01 4.508633137293479365e+01 3.190605715807099396e-01 -3.493508096155331373e+02
1.906371222219463135e+01 6.741672536383156000e+01 -5.743225723851394804e+01 2.200728238099355139e+01 -1.671460817378738284e+02 -3.161858192549495357e+02
2.013705503626538729e+01 4.915173433890451804e+01 -8.103637708505542037e+01 2.170002651126400561e+00 -2.036743858903274713e+02 -1.935023375357187660e+02
1.983419956631285075e+01 2.945877941865451533e+01 -9.585861470840815457e+01 -6.063483153773332468e+00 -1.814687470459102769e+02 -1.057820030682197512e+02
1.902411755670683391e+01 1.256946018631008144e+01 -1.035414579483016126e+02 -1.001643370844908532e+01 -1.504367078820130530e+02 -4.745448290921836332e+01
1.788410839169357303e+01 -1.083934677458616269e+00 -1.060650227874602791e+02 -1.169845336778373657e+01 -1.187541339535909088e+02 -4.805727823046462177e+00
1.660254706306468009e+01 -1.152067279517647869e+01 -1.047818128979430270e+02 -1.275532975178510853e+01 -8.657551907912997535e+01 2.934759467456776250e+01
1.543391045347882873e+01 -1.814874484805249111e+01 -1.006901541421562882e+02 -1.251804615158500766e+01 -5.469738648682972837e+01 5.644736576669924233e+01
1.415392634053257126e+01 -2.198496047106047158e+01 -9.366434173594933554e+01 -1.190628334748959105e+01 -1.976045617476551897e+01 8.196096979425584550e+01
1.297900687563526390e+01 -2.206518433217494390e+01 -8.416680230659589768e+01 -1.088198535522253607e+01 1.887508995520941468e+01 1.040373637119790970e+02
1.204412499783548185e+01 -1.789610922969866635e+01 -7.261081955972285584e+01 -8.036765833760121325e+00 6.489248482268801865e+01 1.238021297517976791e+02
1.142512050071677088e+01 -8.453292554003935422e+00 -5.908159883308496774e+01 -3.195617583475421242e+00 1.243077275324986459e+02 1.408003751191500896e+02
1.147322664752849875e+01 6.616984750891167444e+00 -4.551588244704834096e+01 4.823348004088804153e+00 2.013739885244205254e+02 1.465724452756903133e+02
1.280697191110048649e+01 3.329901709881895755e+01 -3.198570684967620181e+01 2.484421920391093153e+01 3.329897558426656019e+02 1.012777123405693231e+02
1.707346566457560399e+01 7.065392981364752245e+01 -3.228043715574503381e+01 5.271547786391380441e+01 3.410070275388488312e+02 -1.132554621381076601e+02
2.201446910568106219e+01 9.747922545607946176e+01 -4.769192735411867545e+01 4.300187415884120412e+01 1.948993691931065371e+02 -1.668607971166072730e+02
2.579433612460663383e+01 1.122236227975446212e+02 -6.422137260677169479e+01 3.113913780295917277e+01 1.018841787257947402e+02 -1.556137412843402501e+02
2.827622059880450678e+01 1.187443909468652237e+02 -7.784117053808594733e+01 2.231726486038398249e+01 4.105242750045710665e+01 -1.357934385905352030e+02
2.805335462260044821e+01 1.069368357826181324e+02 -8.583006450395191678e+01 2.127822511492574620e+00 -6.511109728508807848e+01 -8.108061769160816823e+01
2.574816534184899908e+01 8.446483710545194867e+01 -8.651037112173951016e+01 -1.789384846058156953e+01 -1.573011583507570492e+02 -1.463249670898810750e-01
2.310854705845693502e+01 6.594075036148406355e+01 -8.103335207118972505e+01 -4.451881731196538539e+01 -2.184640905009020173e+02 1.092188484396710493e+02
2.097895897361827622e+01 5.255319230479144466e+01 -7.466276988227436107e+01 -2.629160726621246980e+01 -2.341940327388484206e+02 4.268575922454275684e+01
2.021358195931275858e+01 4.707112319575737303e+01 -7.195889570464153451e+01 -3.312996003579119986e+01 -2.048215045904626379e+02 2.562931488971320846e+02
1.871687337820516817e+01 4.204976357846302903e+01 -6.510827242780493407e+01 -5.106287003167067695e+01 -1.576553664026381227e+02 3.344434413185602466e+02
1.915073654782415957e+01 4.081642061898158858e+01 -6.894233801084847357e+01 -5.743466409832693387e+01 -1.424165259587473713e+02 3.416229033724634974e+02
1.468178795775055789e+01 3.869485987050786946e+01 -3.467037505322020507e+01 -2.891202341794393149e+01 6.586640805315194314e+01 2.848332161691083684e+02
1.586641062400634361e+01 4.373582574718322746e+01 -3.845425355468791651e+01 -1.644415015354752541e+01 1.829497563242912292e+02 1.999542881399392797e+02
1.717037727755838361e+01 5.365497241778658122e+01 -4.338365694116119897e+01 6.086690058026994876e+01 2.916565907796223769e+02 -8.804891658964611167e+01
1.860062588568618480e+01 6.252663300403058599e+01 -4.593912321328945580e+01 4.053830782004764899e+01 2.116499142987387643e+02 -1.501453567913600295e+02
2.004137096982544364e+01 6.905972085383480419e+01 -5.310567692678148433e+01 3.830002973844975855e+01 1.417416957167931741e+02 -2.445467640382272521e+02
2.152943285336179713e+01 7.223175858071334687e+01 -6.079718464342167294e+01 4.343653055418909048e+01 -3.611934455095138929e+01 -3.295856785225657291e+02
2.096372657019090724e+01 6.738146750399495488e+01 -5.866375601788148941e+01 5.646735738345554978e+01 2.884169591086251216e+02 -1.829216581707909199e+02
2.299498366016563011e+01 7.047508108158844209e+01 -7.172159046454056863e+01 1.827780700299220840e+01 -2.174728638945481407e+02 -2.953163029059385849e+02
2.041362153240801547e+01 5.503069237093885135e+01 -6.162351193686861706e+01 3.277679703101392050e+01 3.921320733629967208e+02 1.390111647073395034e+02
2.023873345819836800e+01 6.051951272180085084e+01 -5.934484958529502308e+01 1.229187163369996050e+01 3.719514158930097096e+02 -2.236064302750995836e+01
2.058646695919197356e+01 5.945221857536637344e+01 -6.023520427479020611e+01 5.820513522504556647e+01 3.995305773417155137e+02 1.262720268904560683e+01
2.076135707743063463e+01 5.756401457839603353e+01 -6.056129300025417450e+01 9.079530843006548224e+00 3.745916982380919080e+02 3.428851219203120593e+01
2.133607838296545367e+01 6.500088241554716717e+01 -6.206365984695468541e+01 3.426839539602205065e+01 3.553270365975119489e+02 -1.249356448154944843e+02
2.294509158156201423e+01 6.781506893619562959e+01 -6.924547064178329947e+01 2.603362330412253201e+01 6.059327361522576894e+01 -3.508544805233294710e+02
