1.904630064964294434e+00 3.543035984039306641e+00 -1.922241687774658203e+00 9.430731082486022432e-01 2.865571487711581433e+00 -9.013455362166458151e-01
2.028678417205810547e+00 3.846424102783203125e+00 -1.987908124923706055e+00 1.283752213159988553e+00 3.578849934899176244e+00 -5.329351906735778632e-01
2.128533840179443359e+00 4.182690143585205078e+00 -1.996537804603576660e+00 1.552218403445928097e+00 4.293366129495895578e+00 3.955277373055806830e-03
2.255715847015380859e+00 4.660619258880615234e+00 -1.976536393165588379e+00 1.354748681375306463e+00 4.984603995651315067e+00 1.260940845827026591e-01
2.374019861221313477e+00 5.201049327850341797e+00 -1.897452235221862793e+00 1.562605021757276669e+00 6.562274337646922362e+00 8.002586303264461742e-01
2.473530769348144531e+00 5.856236934661865234e+00 -1.795154094696044922e+00 1.774596427089116135e+00 7.151615354572389727e+00 1.321163897773170781e+00
2.603385210037231445e+00 6.654453277587890625e+00 -1.652508258819580078e+00 9.865231305247088578e-01 8.235082911736974154e+00 1.927406725033447898e+00
2.746936798095703125e+00 7.660480022430419922e+00 -1.452019453048706055e+00 1.206620088107435373e+00 1.014011738686881792e+01 1.862976378407244171e+00
2.908985376358032227e+00 8.690607070922851562e+00 -1.240495562553405762e+00 2.030439700750074739e+00 1.161653396824453566e+01 2.152085501504848786e+00
3.076641321182250977e+00 9.898205757141113281e+00 -1.011356353759765625e+00 2.120139269541669425e+00 1.289022916281865783e+01 2.210809956652886044e+00
3.273369312286376953e+00 1.123398303985595703e+01 -7.776827812194824219e-01 1.572178795909062510e+00 1.465849450046620284e+01 2.354044623758474675e+00
3.480294227600097656e+00 1.290969467163085938e+01 -5.262635350227355957e-01 2.226217392325470890e+00 1.624323765745370807e+01 2.253535293864382005e+00
3.711818456649780273e+00 1.461529064178466797e+01 -3.141420185565948486e-01 2.683872399484129367e+00 1.831224356440957735e+01 1.770476621640896919e+00
3.964972019195556641e+00 1.650097274780273438e+01 -1.310342550277709961e-01 2.787037829510502274e+00 2.054259128187399241e+01 1.987028717331501770e+00
4.218974113464355469e+00 1.860139656066894531e+01 4.198090732097625732e-02 3.044759090727446882e+00 2.304179309754005445e+01 1.352364063514280845e+00
4.552841663360595703e+00 2.119439315795898438e+01 1.452631950378417969e-01 3.299251850668852182e+00 2.511665635728592250e+01 4.500834387005384074e-01
4.899179458618164062e+00 2.381805419921875000e+01 1.448605656623840332e-01 3.323894941957270976e+00 2.749160558260080478e+01 -6.465249272309026018e-01
5.332062244415283203e+00 2.672099876403808594e+01 2.586970292031764984e-02 4.343163482400353104e+00 3.161629794892668599e+01 -2.045971467999537996e+00
5.779143810272216797e+00 2.994329643249511719e+01 -2.987987101078033447e-01 5.002670155165391819e+00 3.520412996194335165e+01 -4.391394154201210043e+00
6.391864776611328125e+00 3.394295501708984375e+01 -1.044332146644592285e+00 5.889869970910464048e+00 3.956442431930909009e+01 -9.158461596215202505e+00
7.053065299987792969e+00 3.803947448730468750e+01 -2.282543182373046875e+00 7.207836876109714908e+00 4.399487726954521349e+01 -1.660710686094742172e+01
7.875641822814941406e+00 4.245687484741210938e+01 -4.468587398529052734e+00 8.729331049775630902e+00 4.577399325394264196e+01 -2.893897725130220167e+01
8.885733604431152344e+00 4.668362808227539062e+01 -8.023382186889648438e+00 1.093140717470638457e+01 3.968987131957166525e+01 -4.331749194748078935e+01
1.003014183044433594e+01 5.021216583251953125e+01 -1.313266849517822266e+01 1.046243834819064134e+01 2.624668118851520049e+01 -4.963313297809045110e+01
1.093513202667236328e+01 5.228585815429687500e+01 -1.787279701232910156e+01 9.088489800617516323e+00 1.645379226802246464e+01 -4.613016644813760792e+01
1.166750431060791016e+01 5.360044097900390625e+01 -2.208850860595703125e+01 6.407389571325430744e+00 1.012984279192893489e+01 -3.987399470579030236e+01
1.230916690826416016e+01 5.445386123657226562e+01 -2.568069839477539062e+01 5.762729904735545361e+00 7.203161096923903273e+00 -3.378378037598672279e+01
1.283876132965087891e+01 5.504527664184570312e+01 -2.873871231079101562e+01 4.723904566594865351e+00 4.491606815472031222e+00 -2.881678443218306640e+01
1.333803939819335938e+01 5.540224456787109375e+01 -3.156515884399414062e+01 4.041103098461496401e+00 2.174078417458785939e+00 -2.367143420475870386e+01
1.369258022308349609e+01 5.555846023559570312e+01 -3.373920440673828125e+01 3.349638074590148840e+00 1.288981711651813411e+00 -2.061329077135675902e+01
1.399648094177246094e+01 5.563049316406250000e+01 -3.556152725219726562e+01 2.992599488743377556e+00 9.056257186768856826e-02 -1.694129482233410400e+01
1.429041862487792969e+01 5.569793701171875000e+01 -3.707854843139648438e+01 2.589895893681022354e+00 1.155382750908032330e+00 -1.411822300473375513e+01
1.451659774780273438e+01 5.583842468261718750e+01 -3.846080398559570312e+01 1.930652710522402948e+00 1.506704071385793320e+00 -1.199206525012649927e+01
1.472819805145263672e+01 5.600956726074218750e+01 -3.957061004638671875e+01 1.892169475397392109e+00 1.854286832973879973e+00 -1.084362716326542753e+01
1.493391323089599609e+01 5.617737579345703125e+01 -4.056714630126953125e+01 1.883767382248110023e+00 1.321708764896983856e+00 -9.670228750811659779e+00
1.513812923431396484e+01 5.631559753417968750e+01 -4.147751998901367188e+01 1.274395046855177460e+00 1.124032241906872009e+00 -9.040075411130425564e+00
1.532841491699218750e+01 5.643357467651367188e+01 -4.238732147216796875e+01 1.077481337794227167e+00 6.882414230911760855e-01 -8.153552167538459017e+00
1.550839233398437500e+01 5.647416687011718750e+01 -4.315279388427734375e+01 1.966707987686019177e+00 5.050491979713445101e-01 -7.309725692444743572e+00
1.566535758972167969e+01 5.651452636718750000e+01 -4.383891677856445312e+01 2.004124827735260350e+00 3.932053564970159482e-02 -6.550719018251834669e+00
1.581914615631103516e+01 5.657880783081054688e+01 -4.442047882080078125e+01 1.239799394313530367e+00 8.909725669828907346e-01 -4.881316238574489041e+00
1.594688892364501953e+01 5.664737319946289062e+01 -4.486268234252929688e+01 1.525115852200986888e+00 2.655380520742908201e-01 -2.945912284327588004e+00
1.608557319641113281e+01 5.682841491699218750e+01 -4.503461456298828125e+01 1.287911890280622806e+00 2.975809532495345522e+00 -2.519842834710144808e-01
1.618453216552734375e+01 5.747365570068359375e+01 -4.495630645751953125e+01 1.572479083215339690e+00 1.024404206645891158e+01 6.512951299770766145e-01
1.644655990600585938e+01 5.882705307006835938e+01 -4.513069534301757812e+01 2.767616771546101972e+00 1.460789867383329899e+01 -5.026702089821899477e+00
1.677142524719238281e+01 6.026926040649414062e+01 -4.594586944580078125e+01 2.359595400765648776e+00 1.099459307562472254e+01 -9.421980419296739129e+00
1.708620262145996094e+01 6.120957946777343750e+01 -4.696654510498046875e+01 2.854668843205125928e+00 7.974520903956848983e+00 -1.140992130035942154e+01
1.734854507446289062e+01 6.192263793945312500e+01 -4.814066696166992188e+01 2.104651620291019487e+00 5.676735151267466861e+00 -1.265265451041254963e+01
1.764281845092773438e+01 6.240864944458007812e+01 -4.942356491088867188e+01 2.500058695670449360e+00 4.945710317605573003e+00 -1.328619609870566798e+01
1.795937728881835938e+01 6.281946945190429688e+01 -5.089249801635742188e+01 2.240947703253648449e+00 2.932945033925851153e+00 -1.437722893957680270e+01
1.824067878723144531e+01 6.303290557861328125e+01 -5.225930023193359375e+01 2.965674714349172625e+00 1.303319384944936044e+00 -1.375754905427054098e+01
1.852318572998046875e+01 6.313220596313476562e+01 -5.361499023437500000e+01 3.007964760894650702e+00 9.010879927213050200e-01 -1.340609879394201442e+01
1.874215698242187500e+01 6.312608337402343750e+01 -5.492471313476562500e+01 2.334831213363394831e+00 -1.011971697803586423e+00 -1.294207856111415289e+01
1.895770454406738281e+01 6.306060028076171875e+01 -5.613259506225585938e+01 2.389244236772254393e+00 -1.138293641252849930e+00 -1.154115211097353821e+01
1.920206069946289062e+01 6.297419738769531250e+01 -5.731971359252929688e+01 1.782984313456327907e+00 4.712819602467759328e-01 -1.085148005481270062e+01
1.936683464050292969e+01 6.298612594604492188e+01 -5.833777236938476562e+01 1.578108169189042176e+00 3.898229476912449254e-01 -1.038836950403586101e+01
1.957139778137207031e+01 6.305443954467773438e+01 -5.936817550659179688e+01 2.134350983227840892e+00 9.524671030227394031e-01 -1.030882032867909182e+01
1.978631591796875000e+01 6.318025970458984375e+01 -6.039162826538085938e+01 2.381722604586718361e+00 1.888575631632393836e+00 -1.004962447085180344e+01
1.998501205444335938e+01 6.335101699829101562e+01 -6.150286865234375000e+01 1.988500515056631723e+00 2.171982848783311937e+00 -1.091526614097500847e+01
2.024589729309082031e+01 6.361632537841796875e+01 -6.261940002441406250e+01 2.619118973318732113e+00 3.592306053341427052e+00 -1.233281081902000764e+01
2.050916862487792969e+01 6.391962814331054688e+01 -6.387834167480468750e+01 3.497767799783290776e+00 3.561523032008329981e+00 -1.322417821274036243e+01
2.075385665893554688e+01 6.424214935302734375e+01 -6.523040008544921875e+01 3.272635604838556311e+00 2.266065956317517838e+00 -1.407453527714150709e+01
2.109246826171875000e+01 6.446910095214843750e+01 -6.677894592285156250e+01 3.356338415934736030e+00 2.572873481010584662e+00 -1.491566033451122131e+01
2.138157844543457031e+01 6.468297576904296875e+01 -6.817424774169921875e+01 2.388176044220266636e+00 1.634168801683536287e+00 -1.398516327048468710e+01
2.161264038085937500e+01 6.490264892578125000e+01 -6.952098846435546875e+01 2.224878082488262798e+00 1.858104952844959357e+00 -1.388673744573479674e+01
2.187751197814941406e+01 6.510072326660156250e+01 -7.089590454101562500e+01 3.164154089258248703e+00 2.909154506724580092e+00 -1.409414231986476906e+01
2.217987632751464844e+01 6.543569183349609375e+01 -7.240604400634765625e+01 3.098949695501189705e+00 3.227297273771227992e+00 -1.438976347765605190e+01
2.243671417236328125e+01 6.560452270507812500e+01 -7.379751586914062500e+01 2.939095238741351590e+00 1.460769767960430787e+00 -1.393236591376767919e+01
2.270743560791015625e+01 6.575275421142578125e+01 -7.514851379394531250e+01 2.275458777196786464e+00 1.513057151177551241e+00 -1.304819082540176467e+01
2.292214012145996094e+01 6.576824951171875000e+01 -7.637776184082031250e+01 2.429758314806877983e+00 4.037765283372981018e-01 -1.227912072107195840e+01
2.316723060607910156e+01 6.582429504394531250e+01 -7.761474609375000000e+01 2.339561658773440911e+00 3.086065526753611898e-01 -1.073203829481608906e+01
2.335480308532714844e+01 6.587652587890625000e+01 -7.865715789794921875e+01 1.428404391983338018e+00 5.550109450538458500e-01 -1.045287973827170802e+01
2.356043434143066406e+01 6.590856933593750000e+01 -7.964369964599609375e+01 2.127021518416381873e+00 -2.798905963698402818e-02 -1.017890331036313079e+01
2.373903274536132812e+01 6.595965576171875000e+01 -8.058890533447265625e+01 1.456721711592985136e+00 1.483372731561264368e+00 -9.557806681768742152e+00
2.396519851684570312e+01 6.605895996093750000e+01 -8.157112884521484375e+01 1.951369578994636145e+00 1.378015521121447540e+00 -9.245523517875609443e+00
2.417274856567382812e+01 6.623501586914062500e+01 -8.243786621093750000e+01 1.253833742373739568e+00 2.183562163760754515e+00 -8.643191258412532108e+00
2.432341766357421875e+01 6.639835357666015625e+01 -8.331748199462890625e+01 2.184320175984480805e+00 1.809471633422941261e+00 -9.322296215668222530e+00
2.458810234069824219e+01 6.665512847900390625e+01 -8.425258636474609375e+01 1.458797570132562171e+00 3.549840008233705380e+00 -9.859611044295713000e+00
2.475250434875488281e+01 6.690943145751953125e+01 -8.523101806640625000e+01 1.874089995992202606e+00 1.690347097340779703e+00 -1.007348971380087654e+01
2.500533103942871094e+01 6.712478637695312500e+01 -8.635038757324218750e+01 2.114395718771050259e+00 2.700106104209801572e+00 -1.074919248715428211e+01
2.523014450073242188e+01 6.733833312988281250e+01 -8.741815185546875000e+01 2.465985106134623628e+00 2.356310930114715596e+00 -1.112431250505557756e+01
