1.180701482558967186e+01 2.497278091429755875e+02 1.298553295561085577e+02 1.165336214437488138e+01 1.160059504546846121e+01 -7.703426897734789236e+01
1.295838517684714297e+01 2.505431602292765092e+02 1.222018462390174136e+02 1.190695732757199110e+01 4.720659978029497772e+00 -8.034634330945354463e+01
1.411762248141225307e+01 2.507326039207750910e+02 1.141983627742676362e+02 1.110593331938398975e+01 -7.911942591992717766e-01 -8.277175997673347752e+01
1.529080823350466645e+01 2.502398148627817420e+02 1.051187916585631683e+02 1.121576793381115777e+01 -8.298725281983541535e+00 -8.635099348119568674e+01
1.639854768422704723e+01 2.490967677046249946e+02 9.648611152472263086e+01 1.092983010745061101e+01 -1.534594409398502712e+01 -8.917100415844276995e+01
1.745294626737025467e+01 2.472747715275228586e+02 8.766438665608107783e+01 9.785707429036483163e+00 -2.219173468777073310e+01 -9.188066731711849400e+01
1.842380928587949640e+01 2.446825342009660176e+02 7.855991644612930713e+01 9.514260637913283247e+00 -3.024706365502464678e+01 -9.450288273549189455e+01
1.940501322566504427e+01 2.409979248052696335e+02 6.829017955665415229e+01 9.330806695337889423e+00 -3.876328221377364258e+01 -9.757340616087810758e+01
2.026375285061070741e+01 2.368289348717575535e+02 5.867888467962503540e+01 8.639335284142845239e+00 -4.774735400263122642e+01 -9.971267020441889883e+01
2.103325490200942838e+01 2.317038270758679062e+02 4.886201837083556399e+01 7.888147937599109483e+00 -5.677088520431717455e+01 -1.009580502463522151e+02
2.171080210627941653e+01 2.256915218129132370e+02 3.883006684921122087e+01 6.536355987105187282e+00 -6.640663835797430181e+01 -1.034500355800035578e+02
2.244384412402891371e+01 2.179027960507016815e+02 2.769851333710835917e+01 5.935587285270952584e+00 -7.842555772528827163e+01 -1.045748686353843198e+02
2.290243177703095157e+01 2.097324269612289811e+02 1.744181994232639354e+01 4.826497300075686780e+00 -9.019236780159204159e+01 -1.057770251739369485e+02
2.330533342894714366e+01 2.002786557939753607e+02 7.024881753636456061e+00 3.401301643613206860e+00 -1.032856096784942821e+02 -1.054498184829463696e+02
2.352333136176545025e+01 1.895219997631660362e+02 -3.321929550290449562e+00 1.195708162609164793e+00 -1.180743509321145126e+02 -1.059478923808570414e+02
2.356772983074188232e+01 1.758984458446502686e+02 -1.468294051289558411e+01 -4.836672512784850886e-01 -1.360025030295470856e+02 -1.045269351422867743e+02
2.341348171236482401e+01 1.616926975250563885e+02 -2.474120178222775124e+01 -3.173049356323552672e+00 -1.550744656622593425e+02 -1.011375158376280723e+02
2.289843167636124477e+01 1.455007529704476497e+02 -3.434422622675987213e+01 -6.420881348510052433e+00 -1.774497419819022639e+02 -9.465680814121665776e+01
2.209706766470291228e+01 1.269054984599136304e+02 -4.310733395748639651e+01 -1.100874865524883894e+01 -2.038283140121965005e+02 -8.369649306035822178e+01
2.051648353811737735e+01 1.031704451820966568e+02 -5.107603419908975440e+01 -1.833625401101913610e+01 -2.398807962356908376e+02 -6.212403713646844494e+01
1.841165631392206592e+01 7.807169973432350218e+01 -5.542327834829181654e+01 -2.673128554726616102e+01 -2.752398573142601208e+02 -2.196954711169424712e+01
1.523355513233264169e+01 4.975232327368189544e+01 -5.444050062855048111e+01 -3.898279735341442631e+01 -3.018369499986471283e+02 4.903527171487124292e+01
1.090822950999456431e+01 2.097596350583828340e+01 -4.488253628123238315e+01 -4.842651967788174971e+01 -2.747687916661445797e+02 1.459973391263514486e+02
5.626388944390574132e+00 -3.721544635681838908e+00 -2.531995937742961900e+01 -4.589032303800710366e+01 -1.825438242160095115e+02 2.046563371612951130e+02
1.585516840698735663e+00 -1.788137496798296056e+01 -5.333936640675412733e+00 -3.767415912932810329e+01 -1.105766186469752483e+02 2.009980858455287205e+02
-1.734221161924204280e+00 -2.600641059864885207e+01 1.331580032201159725e+01 -2.997290313317889598e+01 -6.007189655257318606e+01 1.799800310246725985e+02
-4.209064045527162179e+00 -3.013216945111760126e+01 2.973148894798181274e+01 -2.226370860874395774e+01 -2.400151160273563278e+01 1.561251829687213046e+02
-6.117691132939871324e+00 -3.108235768554234113e+01 4.375232333661666928e+01 -1.632412296597789236e+01 2.090922684406421705e+00 1.315009973362022038e+02
-7.529845821672892292e+00 -2.965479006088213865e+01 5.642763340243646297e+01 -1.097778752880279285e+01 2.471424165734446987e+01 1.051025175392412763e+02
-8.350237570377807117e+00 -2.641284661545093115e+01 6.557304462637409870e+01 -5.066237296525172518e+00 4.146911892615758433e+01 8.373228524328087019e+01
-8.624320817377586934e+00 -2.164727773398815103e+01 7.267837744801420286e+01 -1.329049625349836283e+00 5.561209959992694252e+01 6.237465383213852022e+01
-8.613546166183706276e+00 -1.564117981092113041e+01 7.775965252007816275e+01 2.071270298807579735e+00 6.715771146586607188e+01 4.172654069422040379e+01
-8.094906079687198996e+00 -7.757737326375732323e+00 8.099903861614852474e+01 6.409505554702668917e+00 7.976626774039306156e+01 1.812825393646049932e+01
-7.205296028335249403e+00 5.290401860895472819e-01 8.177510252467523344e+01 1.039616787316121282e+01 8.868201546480482023e+01 -2.431094285336684369e+00
-6.078695862554726048e+00 9.557236937580302794e+00 8.054541672136576835e+01 1.469002378222144500e+01 9.676081768068669930e+01 -2.340545302126372817e+01
-4.419062079425941647e+00 1.929514647699200935e+01 7.720304833371471886e+01 1.800100113506038824e+01 1.037647086563160741e+02 -4.733178201356233927e+01
-2.320965323076506603e+00 3.081115262657054643e+01 7.057738150782978437e+01 2.272467908584279428e+01 1.094038931830740609e+02 -7.478552492549960107e+01
1.531477622072575928e-01 4.163528490092121359e+01 6.197212381371458889e+01 2.672115531768309182e+01 1.136359881576250501e+02 -1.039432318856789124e+02
2.961700677801293313e+00 5.289229798341867195e+01 5.019130150463443840e+01 3.101860152988295738e+01 1.161295683792210554e+02 -1.385087067676975323e+02
6.234274562227703598e+00 6.415481069120144753e+01 3.462721322500141952e+01 3.701250334473967030e+01 1.130774343671935611e+02 -1.814595383973881724e+02
1.060376800687707544e+01 7.557546421263421621e+01 1.188938126473067669e+01 4.348503084700762145e+01 9.736633970343490319e+01 -2.450563586121165542e+02
1.507359394139517050e+01 8.311645889301404111e+01 -1.574105004832018118e+01 4.835587081602438531e+01 4.874181881049988618e+01 -3.248122817829622022e+02
1.957825268014787312e+01 8.156641657209333118e+01 -5.104454421997402136e+01 3.915208703686138136e+01 -1.032214527423529375e+02 -3.753273068725185908e+02
2.194103771609202624e+01 6.490070792936487010e+01 -8.212277202113655505e+01 1.119164784475939278e+01 -2.065031846238698847e+02 -2.504426092898240483e+02
2.236575477605041939e+01 4.301763214098706811e+01 -1.024952026366101023e+02 -1.947816276964961846e+00 -1.939873184156695629e+02 -1.403021988043350916e+02
2.192888694899709634e+01 2.554019482938787888e+01 -1.130200353252137262e+02 -6.132362325904331612e+00 -1.640625818262842301e+02 -7.948892887705127919e+01
2.109783866682148101e+01 1.094831313033566111e+01 -1.186612033842869067e+02 -9.311272774875446245e+00 -1.349129136704653149e+02 -3.639849087702929609e+01
2.011374336792079731e+01 -7.975167308595519922e-01 -1.204925620600334923e+02 -1.050144378543416046e+01 -1.060056640479244976e+02 -1.212875780233285905e+00
1.898795881426372034e+01 -1.028293562721160903e+01 -1.187584439887315995e+02 -1.096402322609299596e+01 -7.397347293601792728e+01 2.993214101013706596e+01
1.742280937087749493e+01 -2.845450779299250499e+00 -1.005138393023504904e+02 -1.075576000352098838e+01 -1.865164608124531043e+01 8.729601110593235092e+01
1.615120309217122951e+01 8.332405141368258938e+00 -8.043684671940081898e+01 -1.083087009268921719e+01 8.566595092377107790e+01 1.383893729866325089e+02
1.576027242407553786e+01 2.774334214628033379e+01 -6.002714920088064332e+01 -8.081118808453339852e+00 1.955387958072753918e+02 1.780169999455830236e+02
1.555149883629596275e+01 4.020152589021482470e+01 -4.818252073632433508e+01 -1.699785856225273761e+01 1.274305413734506800e+02 1.977064117084850068e+02
1.636856079063771219e+01 5.282763728621763022e+01 -4.284880148484477047e+01 3.704958875974019605e+01 3.194881171691111490e+02 1.057989695247931650e+02
1.820020228419791763e+01 6.998587774245710591e+01 -4.317561229611643370e+01 5.236223519885018618e+01 3.615292656110680127e+02 -5.569855116502100145e+01
1.931921157347516527e+01 7.724724771693841774e+01 -4.680091738389084810e+01 5.391942425455787458e+01 3.463715869129292741e+02 -9.778732727807350500e+01
1.847931570935423551e+01 7.141799163807533546e+01 -4.335248830764324879e+01 4.960082436946797202e+01 3.904141622125156346e+02 -5.966554725330826159e+01
2.370904096961021423e+01 1.047732411623001099e+02 -5.624452733993530273e+01 4.585226082960596017e+01 2.398276853696999353e+02 -1.596967844073940057e+02
2.777278377777631135e+01 1.232867270382175349e+02 -7.202503074379686154e+01 3.709612888053392510e+01 1.472771891624698810e+02 -1.581797254671231769e+02
2.590992355343892584e+01 9.464316422167658516e+01 -8.260984130387561208e+01 2.103949791855282214e+01 -1.866262083053588583e+02 -1.220147231773094063e+02
2.573956024463983994e+01 8.330882031906023144e+01 -8.686365363592234701e+01 -2.889581104055528016e+01 -2.317445929742628437e+02 -6.186750147419590462e+01
2.487757368832065552e+01 7.362707824581460159e+01 -8.788162774161200730e+01 -1.142154410966606726e+01 -2.095589867303537517e+02 -1.506542303395825755e+01
2.401007554630735896e+01 6.900633493941261065e+01 -8.560675966201186782e+01 -4.217885074218114028e+01 -2.916194226158991114e+02 9.528566669887968033e+01
2.356827369253552007e+01 6.492205156615064254e+01 -8.490960450455708042e+01 -1.998930367726832458e+01 -2.815777098083495957e+02 -3.670140953063965128e+01
2.361940039637280009e+01 6.281023611539713869e+01 -8.681727153553291032e+01 -2.950439497555294821e+01 -2.797476069420576437e+02 1.267997632026672150e+01
2.208949768318666074e+01 5.403324601547696915e+01 -7.974747895166186140e+01 -6.513565710495258543e+01 -1.872739592965307338e+02 3.073412344921593444e+02
1.981390749338564206e+01 4.930480147063258300e+01 -6.716843539700005294e+01 -4.677450071655689356e+01 -1.100081501045126053e+01 3.416835736264574734e+02
1.884131090985703239e+01 4.773119893737099773e+01 -5.822364153159093547e+01 -2.887597067772750847e+01 4.273965867192355716e+01 2.925136245091755995e+02
1.831142300092890451e+01 4.820781707871964983e+01 -5.483336639369104404e+01 -1.778646788490352293e+01 9.944714937486982365e+01 2.538819811237393935e+02
1.897286188149706732e+01 5.095093115478575641e+01 -5.679018559984104542e+01 3.424999756402657081e+00 2.060613163260162537e+02 1.761893050494741431e+02
1.921740322152432157e+01 5.558111178041567513e+01 -5.438002777082430583e+01 8.202155824218474223e+00 2.371944568573482286e+02 1.201301291935027677e+02
2.002942821805738305e+01 6.329574736243871058e+01 -5.606332831594141908e+01 3.898782946846701947e+01 2.915579741001129719e+02 -9.610615643587979662e+01
2.106303912037375881e+01 7.237463877304890048e+01 -5.833303258268341551e+01 2.620894498091477587e+01 1.892555802418635267e+02 -1.794804168114295351e+02
2.309465726195100999e+01 8.028071756079160082e+01 -6.653606946534820565e+01 2.851974307745695114e+01 1.579848276972770975e+02 -2.328637375831604004e+02
2.438443130942784620e+01 8.445253560446204233e+01 -7.116499521664806593e+01 3.054795278521145363e+01 -1.677914279488956595e+01 -3.009729275394888646e+02
2.521790873822984480e+01 8.495560491656335955e+01 -7.735593813938611163e+01 3.400182073933261506e+01 4.971663936534962147e+01 -2.597678195146412463e+02
2.618675493299690160e+01 8.540140380851283908e+01 -8.373843078572163279e+01 2.855098901307210824e+01 -1.363313665485381705e+02 -3.196149520874024006e+02
2.688010842879439721e+01 8.123437396560225920e+01 -9.243580511125726673e+01 2.189814273062822281e+01 -2.059615187714065314e+02 -2.624510160943735286e+02
2.753849461532960063e+01 7.895928551159039444e+01 -9.830378633399870125e+01 3.339314074726664927e+01 -2.047155613452196405e+02 -2.497879135281431786e+02
2.794286380701839079e+01 7.602500504689473360e+01 -1.013192181716839713e+02 1.233465264079813473e+01 -2.732256539412371126e+02 -1.748159416979691798e+02
