1.180701482558967186e+01 2.497278091429755875e+02 1.298553295561085577e+02 1.165336214437488138e+01 1.160059504546846121e+01 -7.703426897734789236e+01
1.203845446441571809e+01 2.499368186075951712e+02 1.282804845187947649e+02 1.192515396059595112e+01 9.871151391930933272e+00 -7.792607579452254640e+01
1.226901216481462953e+01 2.501235473392392521e+02 1.267397383993801725e+02 1.206362551298105856e+01 8.359104420690426807e+00 -7.867677674672586363e+01
1.249898708092626265e+01 2.502873064472035196e+02 1.252210664669132996e+02 1.209156067557533909e+01 7.023785769474786278e+00 -7.931278172355241907e+01
1.272867836689047749e+01 2.504274070407840043e+02 1.237124439904428215e+02 1.203174332242393696e+01 5.824527076011861482e+00 -7.986050061459678773e+01
1.295838517684714120e+01 2.505431602292765092e+02 1.222018462390173994e+02 1.190695732757199110e+01 4.720659978029498660e+00 -8.034634330945354463e+01
1.318840666493611202e+01 2.506338771219769228e+02 1.206772484816856377e+02 1.173998656506464044e+01 3.671516113255543612e+00 -8.079671969771729323e+01
1.341904198529724468e+01 2.506988688281810767e+02 1.191266259874961122e+02 1.155361490894702392e+01 2.636427119417840359e+00 -8.123803966898255169e+01
1.365059029207040986e+01 2.507374464571849728e+02 1.175379540254975552e+02 1.137062623326428579e+01 1.574724634244240473e+00 -8.169671311284398030e+01
1.388335073939545694e+01 2.507489211182843292e+02 1.158992078647385142e+02 1.121380441206155965e+01 4.457402954625883651e-01 -8.219914991889608302e+01
1.411762248141225307e+01 2.507326039207750910e+02 1.141983627742676362e+02 1.110593331938398975e+01 -7.911942591992719986e-01 -8.277175997673347752e+01
1.435345417007455637e+01 2.506880442618196980e+02 1.124296100540585712e+02 1.106273677774357722e+01 -2.162989090667462477e+00 -8.343086708237221671e+01
1.458989244859170675e+01 2.506157446900471371e+02 1.106120051277849399e+02 1.107169840351977363e+01 -3.641521054483997322e+00 -8.415245065751429365e+01
1.482573345798695108e+01 2.505164460419529178e+02 1.087708194500454084e+02 1.111324176155889454e+01 -5.184908704844866989e+00 -8.490240403028325034e+01
1.505977333928352024e+01 2.503908891540325783e+02 1.069313244754385721e+02 1.116779041670724659e+01 -6.751270595946053277e+00 -8.564662052880252929e+01
1.529080823350466645e+01 2.502398148627817420e+02 1.051187916585631683e+02 1.121576793381115777e+01 -8.298725281983541535e+00 -8.635099348119568674e+01
1.551795248047309705e+01 2.500637172532615011e+02 1.033516208594066370e+02 1.123966121283025466e+01 -9.793866549640600994e+00 -8.699013247656895942e+01
1.574159321520945021e+01 2.498621034047960450e+02 1.016207255595122376e+02 1.123021049417748429e+01 -1.123718911554961508e+01 -8.757351214795997407e+01
1.596243577153382098e+01 2.496342336452749464e+02 9.991014764581204588e+01 1.118021935337911010e+01 -1.263766292883024356e+01 -8.811932338938903797e+01
1.618118548326631867e+01 2.493793683025880057e+02 9.820392900523812330e+01 1.108249136596139550e+01 -1.400425793860216039e+01 -8.864575709487650101e+01
1.639854768422704723e+01 2.490967677046249946e+02 9.648611152472263086e+01 1.092983010745061101e+01 -1.534594409398502890e+01 -8.917100415844276995e+01
1.661493741668580526e+01 2.487859555726012672e+02 9.474473612392108635e+01 1.072059961366994862e+01 -1.667326769940665088e+01 -8.970897184353972875e+01
1.682960855671121081e+01 2.484475092010351887e+02 9.298383985338311675e+01 1.047540576163034487e+01 -1.800308048052746912e+01 -9.025643289134583824e+01
1.704152468882154992e+01 2.480822692777707914e+02 9.121145879638174847e+01 1.022041488863965597e+01 -1.935381051831604182e+01 -9.080587641247102226e+01
1.724964939753513349e+01 2.476910764906519660e+02 8.943562903619003635e+01 9.981793332005748809e+00 -2.074388589374093428e+01 -9.134979151752524729e+01
1.745294626737025467e+01 2.472747715275228870e+02 8.766438665608107783e+01 9.785707429036484939e+00 -2.219173468777073666e+01 -9.188066731711849400e+01
1.765088344920018315e+01 2.468328874446651184e+02 8.590098108392626841e+01 9.651564525943550521e+00 -2.371022098844705539e+01 -9.239440337890853527e+01
1.784494735931801301e+01 2.463597267721107755e+02 8.412951512599047987e+01 9.571736004553942578e+00 -2.528995291210372187e+01 -9.290054109874422750e+01
1.803712898037180068e+01 2.458482844083296470e+02 8.232930493313691045e+01 9.531834255598482741e+00 -2.691597458214762639e+01 -9.341203232952224766e+01
1.822941929500960967e+01 2.452915552517914648e+02 8.047966665622877258e+01 9.517471669807989088e+00 -2.857333012198563083e+01 -9.394182892413924435e+01
1.842380928587949640e+01 2.446825342009660176e+02 7.855991644612930713e+01 9.514260637913285024e+00 -3.024706365502464678e+01 -9.450288273549189455e+01
1.862155453122370474e+01 2.440173365769334737e+02 7.655820747673116955e+01 9.509164704508251020e+00 -3.192562199808193313e+01 -9.510289026660650791e+01
1.882096899166120352e+01 2.433045593912154629e+02 7.449804101404473045e+01 9.494552029639010016e+00 -3.361106274161627994e+01 -9.572852662102792465e+01
1.901963122340515611e+01 2.425559200779440800e+02 7.241175534710983186e+01 9.464141927214747341e+00 -3.530884616949688848e+01 -9.636121155243066028e+01
1.921511978266871878e+01 2.417831360712515050e+02 7.033168876496638688e+01 9.411653711144644774e+00 -3.702443256559294582e+01 -9.698236481448923030e+01
1.940501322566504427e+01 2.409979248052696335e+02 6.829017955665415229e+01 9.330806695337889423e+00 -3.876328221377363548e+01 -9.757340616087810758e+01
1.958751370609939357e+01 2.402082706348596446e+02 6.631065441473842270e+01 9.218183951120202835e+00 -4.052885351655825730e+01 -9.811804370261610586e+01
1.976331776764540393e+01 2.394072255977979751e+02 6.438089364588569197e+01 9.081823579483451425e+00 -4.231659735106654097e+01 -9.860913898009904699e+01
1.993374555146880311e+01 2.385841086525901460e+02 6.247976596028794205e+01 8.932627438836037825e+00 -4.411996271306824724e+01 -9.904184189106709368e+01
2.010011719873532599e+01 2.377282387577415079e+02 6.058614006813707675e+01 8.781497387586366443e+00 -4.593239859833321503e+01 -9.941130233326032339e+01
2.026375285061070741e+01 2.368289348717575535e+02 5.867888467962503540e+01 8.639335284142845239e+00 -4.774735400263122642e+01 -9.971267020441889883e+01
2.042554191851738210e+01 2.358786900167706904e+02 5.674217609072351109e+01 8.512591298188175060e+00 -4.955939989407416135e+01 -9.994853286492899258e+01
2.058465089490461963e+01 2.348826934694211275e+02 5.478142094052328304e+01 8.389908844502263818e+00 -5.136759513014208522e+01 -1.001512275257609588e+02
2.073981554247839298e+01 2.338493085699760172e+02 5.280733345389486999e+01 8.255479649139312315e+00 -5.317212054065714000e+01 -1.003605288605312182e+02
2.088977162394467157e+01 2.327868986587025404e+02 5.083062785570877651e+01 8.093495438153526678e+00 -5.497315695544145342e+01 -1.006162115428561634e+02
2.103325490200942838e+01 2.317038270758679062e+02 4.886201837083556399e+01 7.888147937599110371e+00 -5.677088520431716745e+01 -1.009580502463522294e+02
2.116981290874071320e+01 2.306038192482615727e+02 4.690673647480638664e+01 7.630658349401552520e+00 -5.857100935993948099e+01 -1.014106063480120241e+02
2.130224025365490448e+01 2.294720489487620512e+02 4.494808264579498314e+01 7.340365778971473354e+00 -6.040132646629582069e+01 -1.019375880383332174e+02
2.143414331563045394e+01 2.282890520367703004e+02 4.296387461263575602e+01 7.043638807590784090e+00 -6.229515681020674123e+01 -1.024874902111896375e+02
2.156912847354580265e+01 2.270353643716870238e+02 4.093193010416302968e+01 6.766846016541386177e+00 -6.428582067849271198e+01 -1.030088077604551273e+02
2.171080210627942009e+01 2.256915218129132370e+02 3.883006684921122087e+01 6.536355987105187282e+00 -6.640663835797430181e+01 -1.034500355800035578e+02
2.186115558047823981e+01 2.242457726627136481e+02 3.664572596421980677e+01 6.370011217974351325e+00 -6.867730064557804326e+01 -1.037750503126512598e+02
2.201572021386317957e+01 2.227172149948085007e+02 3.440484211604874787e+01 6.251549877482067252e+00 -7.106298037865460060e+01 -1.040092555969844739e+02
2.216841231192366379e+01 2.211326593257819297e+02 3.214297335916310061e+01 6.156184051371774935e+00 -7.351522090466065151e+01 -1.041934368205318719e+02
2.231314818014910273e+01 2.195189161722182973e+02 2.989567774802794986e+01 6.059125825386923125e+00 -7.598556557105298737e+01 -1.043683793708222680e+02
2.244384412402891371e+01 2.179027960507016815e+02 2.769851333710835917e+01 5.935587285270953473e+00 -7.842555772528828584e+01 -1.045748686353843198e+02
2.255624553790576670e+01 2.163031696214719375e+02 2.557689921087183293e+01 5.766967592177955737e+00 -8.080048567343521881e+01 -1.048398421692520230e+02
2.265341417153540604e+01 2.147071481193916611e+02 2.351569857379566741e+01 5.559414208904608579e+00 -8.313061755601044922e+01 -1.051348461974806554e+02
2.274024086352682161e+01 2.130939029229789696e+02 2.148963566035957484e+01 5.325261673658236106e+00 -8.544996647214259156e+01 -1.054175791126307047e+02
2.282161645248900328e+01 2.114426054107520088e+02 1.947343470504323903e+01 5.076844524646153545e+00 -8.779254552096023190e+01 -1.056457393072626161e+02
2.290243177703095157e+01 2.097324269612289811e+02 1.744181994232639354e+01 4.826497300075686780e+00 -9.019236780159204159e+01 -1.057770251739369485e+02
2.298626607291523172e+01 2.079482136480614543e+02 1.537637156292164953e+01 4.581944800254235339e+00 -9.267580660138285964e+01 -1.057847353864572995e+02
2.307145216451862524e+01 2.060975103254341434e+02 1.328609358247319960e+01 4.332472873889490650e+00 -9.523867596054246576e+01 -1.057045697435994782e+02
2.315501127337150677e+01 2.041935365426652709e+02 1.118684597285812643e+01 4.062757631789224000e+00 -9.786915010749687838e+01 -1.055878283253824321e+02
2.323396462100422966e+01 2.022495118490729737e+02 9.094488705953517993e+00 3.757475184761207121e+00 -1.005554032706721586e+02 -1.054858112118251086e+02
2.330533342894714366e+01 2.002786557939753322e+02 7.024881753636456061e+00 3.401301643613206860e+00 -1.032856096784942821e+02 -1.054498184829463696e+02
2.336677235260972552e+01 1.982864872102195477e+02 4.986724045569205899e+00 2.985912933219104559e+00 -1.060550820597884751e+02 -1.055142875705368937e+02
2.341846978291784964e+01 1.962477220647686522e+02 2.960070342554737000e+00 2.530984234717218673e+00 -1.088876871449765815e+02 -1.056462053134740842e+02
2.346124754467652096e+01 1.941293756081147137e+02 9.178143631812054615e-01 2.063190543311980818e+00 -1.118144301648796102e+02 -1.057956959024070898e+02
2.349592746269072308e+01 1.918984630907498570e+02 -1.167150173963240167e+00 1.609206854207819504e+00 -1.148663163503185984e+02 -1.059128835279850307e+02
2.352333136176545025e+01 1.895219997631660362e+02 -3.321929550290449118e+00 1.195708162609164571e+00 -1.180743509321145126e+02 -1.059478923808570556e+02
2.354418310982185858e+01 1.869797728046991949e+02 -5.562359420362746221e+00 8.401472097153939167e-01 -1.214572237024032688e+02 -1.058619053189918020e+02
2.355881474724575142e+01 1.843026571100598403e+02 -7.859192931344555433e+00 5.230877207056486844e-01 -1.249843626985805400e+02 -1.056603398696360046e+02
2.356746035753907620e+01 1.815342995028023267e+02 -1.017191260355071591e+01 2.158711667540251233e-01 -1.286128805193566222e+02 -1.053596722273557447e+02
2.357035402420380166e+01 1.787183468064810086e+02 -1.246000095729610102e+01 -1.101609809653836952e-01 -1.322998897634419677e+02 -1.049763785867172885e+02
2.356772983074188588e+01 1.758984458446502401e+02 -1.468294051289558588e+01 -4.836672512784850886e-01 -1.360025030295470856e+02 -1.045269351422867885e+02
2.355928944328138996e+01 1.731056461740467398e+02 -1.681092504868405513e+01 -9.261596962565257218e-01 -1.396924400765185226e+02 -1.040220051139468751e+02
2.354260485845482975e+01 1.703206082841369096e+02 -1.885699337507650597e+01 -1.430564460952109540e+00 -1.433998493037478568e+02 -1.034489998228460905e+02
2.351471565552080989e+01 1.675113953975694017e+02 -2.084489556050793269e+01 -1.982661213663179822e+00 -1.471694862707626612e+02 -1.027895176154493981e+02
2.347266141373793147e+01 1.646460707369929821e+02 -2.279838167341334199e+01 -2.568229622687679736e+00 -1.510461065370905658e+02 -1.020251568382217187e+02
2.341348171236482045e+01 1.616926975250563885e+02 -2.474120178222775124e+01 -3.173049356323552672e+00 -1.550744656622593425e+02 -1.011375158376280723e+02
2.333534689138538454e+01 1.586274464802704358e+02 -2.669084724791895624e+01 -3.786361483384009574e+00 -1.592864468316182354e+02 -1.001117990283795507e+02
2.324095033368481111e+01 1.554589183045948459e+02 -2.863977460158596600e+01 -4.411252674743336044e+00 -1.636624437338038263e+02 -9.894763509817209979e+01
2.313411618287360128e+01 1.522038211958513330e+02 -3.057418166686058925e+01 -5.054271001791086348e+00 -1.681699776832742828e+02 -9.764825880294776539e+01
2.301866858256224901e+01 1.488788633518616962e+02 -3.248026626737460987e+01 -5.721964535916801431e+00 -1.727765699944876303e+02 -9.621690489864859330e+01
2.289843167636124477e+01 1.455007529704476497e+02 -3.434422622675987213e+01 -6.420881348510053321e+00 -1.774497419819022639e+02 -9.465680814121665776e+01
2.277513212853168767e+01 1.420742606377041568e+02 -3.615672539843712485e+01 -7.160735523505389111e+00 -1.821822211275296581e+02 -9.296046804695663468e+01
2.264210668593702636e+01 1.385564064928185246e+02 -3.792629175498290550e+01 -7.963905195017370708e+00 -1.870675595835946012e+02 -9.107744317362335096e+01
2.249059461609131105e+01 1.348922730632512810e+02 -3.966591929876270939e+01 -8.855934509705562618e+00 -1.922245156698752737e+02 -8.894655683933422097e+01
2.231183518650859554e+01 1.310269428764628401e+02 -4.138860203214205313e+01 -9.862367614229532009e+00 -1.977718477061498845e+02 -8.650663236220673014e+01
2.209706766470291583e+01 1.269054984599136446e+02 -4.310733395748639651e+01 -1.100874865524883894e+01 -2.038283140121965289e+02 -8.369649306035822178e+01
2.184025132221069043e+01 1.224941102913860078e+02 -4.482694517838217507e+01 -1.230944046718432716e+01 -2.104644856714290029e+02 -8.045634342648263271e+01
2.154622544665778605e+01 1.178433006499492848e+02 -4.651961020329942187e+01 -1.373408063550190761e+01 -2.175581848218031382e+02 -7.673191265157966257e+01
2.122254932969244479e+01 1.130246797649947013e+02 -4.814933964192913152e+01 -1.524112543342877579e+01 -2.249390463649105243e+02 -7.247031110122551922e+01
2.087678226296289807e+01 1.081098578659134262e+02 -4.968014410396224889e+01 -1.678903113419212190e+01 -2.324367052023426083e+02 -6.761864914099638213e+01
2.051648353811738090e+01 1.031704451820966568e+02 -5.107603419908974729e+01 -1.833625401101913610e+01 -2.398807962356908661e+02 -6.212403713646843784e+01
2.014641297531679953e+01 9.825773851664483516e+01 -5.230622963970630224e+01 -1.985823585672263292e+01 -2.471401935778857535e+02 -5.592409711615540857e+01
1.976013250877273464e+01 9.334178096749516840e+01 -5.336078654902151186e+01 -2.139836054245806096e+01 -2.542407281872143869e+02 -4.891849776032058372e+01
1.934840460120942396e+01 8.837230220629405153e+01 -5.423497015294864809e+01 -2.301699745896642568e+01 -2.612474702333024084e+02 -4.099741941216486651e+01
1.890199171535111944e+01 8.329903190468802165e+01 -5.492404567740097576e+01 -2.477451599698877871e+01 -2.682254898857756871e+02 -3.205104241488913175e+01
1.841165631392206237e+01 7.807169973432350218e+01 -5.542327834829180944e+01 -2.673128554726616102e+01 -2.752398573142601208e+02 -2.196954711169424712e+01
1.787020667855666289e+01 7.265513675816644934e+01 -5.572420874211253050e+01 -2.892660326209961497e+01 -2.822652633521008170e+02 -1.064529880791040206e+01
1.727863436652988582e+01 6.707457960446055267e+01 -5.580347883766689421e+01 -3.131547734003016004e+01 -2.889148814875191533e+02 2.020597342614891989e+00
1.663997675402686838e+01 6.137036629276902744e+01 -5.563400596433676526e+01 -3.383184374115879933e+01 -2.947115058724559162e+02 1.612485122390481251e+01
1.595727121723274600e+01 5.558283484265508889e+01 -5.518870745150401547e+01 -3.640963842558655728e+01 -2.991779306588517215e+02 3.176417271998254677e+01
1.523355513233264169e+01 4.975232327368189544e+01 -5.444050062855048111e+01 -3.898279735341442631e+01 -3.018369499986471283e+02 4.903527171487124292e+01
1.447028271436987268e+01 4.391604215881426398e+01 -5.335969952798519955e+01 -4.147693412818976810e+01 -3.022389582945797315e+02 6.789681860470658137e+01
1.366257553382046552e+01 3.809869228462331847e+01 -5.190620499482588457e+01 -4.378437292724520091e+01 -3.000447509525742475e+02 8.775532583407418485e+01
1.280397200001863744e+01 3.232184699108184844e+01 -5.003731457721740838e+01 -4.578911557135970867e+01 -2.949427236293521446e+02 1.078792663596721297e+02
1.188801052229859856e+01 2.660707961816258660e+01 -4.771032582330461480e+01 -4.737516388131223266e+01 -2.866212719816350614e+02 1.275371131381985066e+02
1.090822950999456253e+01 2.097596350583828340e+01 -4.488253628123238315e+01 -4.842651967788174971e+01 -2.747687916661445797e+02 1.459973391263514202e+02
9.864571477944576117e+00 1.546165788697875065e+01 -4.153990724669665013e+01 -4.886148356865331266e+01 -2.593209504688715583e+02 1.626078222925518446e+02
8.782595363001993505e+00 1.014366556604194258e+01 -3.778305500559739727e+01 -4.873555130843620020e+01 -2.412025046928839913e+02 1.770340606521115490e+02
7.694264207524006416e+00 5.113075240382898734e+00 -3.374125959138577713e+01 -4.813851743884588075e+01 -2.215854827705195476e+02 1.890209572320655411e+02
6.631541053867804791e+00 4.609756073566310675e-01 -2.954380103751282860e+01 -4.716017650149771612e+01 -2.016419131341155833e+02 1.983134150594485163e+02
5.626388944390573243e+00 -3.721544635681838908e+00 -2.531995937742961544e+01 -4.589032303800709656e+01 -1.825438242160094831e+02 2.046563371612951130e+02
4.702791851837588410e+00 -7.371228986372227787e+00 -2.117504769247555529e+01 -4.441365544874444993e+01 -1.652218047134608696e+02 2.079370151095347126e+02
3.852817470506321840e+00 -1.053614972233373592e+01 -1.711851125554264286e+01 -4.279448756909997797e+01 -1.496406843834150777e+02 2.086122946556754982e+02
3.060554425082373076e+00 -1.329221131618012564e+01 -1.313582838741137415e+01 -4.109203709321893427e+01 -1.355238532477403055e+02 2.072814100961197425e+02
2.310091340251317682e+00 -1.571531824052524584e+01 -9.212477408862161710e+00 -3.936552171524655819e+01 -1.225947013283043958e+02 2.045435957272699170e+02
1.585516840698735441e+00 -1.788137496798295700e+01 -5.333936640675411844e+00 -3.767415912932810329e+01 -1.105766186469752483e+02 2.009980858455287205e+02
8.746931819259444740e-01 -1.985423675840873514e+01 -1.490316983595497025e+00 -3.606241219566920364e+01 -9.923780324142276754e+01 1.971469285625555585e+02
1.805771426972289095e-01 -2.164956202062457535e+01 2.309740341777354544e+00 -3.451572443871714313e+01 -8.852568521252555911e+01 1.931034272510384255e+02
-4.901008674073848992e-01 -2.327095995069412027e+01 6.052961534878949834e+00 -3.300478454897961456e+01 -7.843250267696441824e+01 1.888836990989222784e+02
-1.130610438807871709e+00 -2.472203974468100895e+01 9.726072795145098482e+00 -3.150028121696430716e+01 -6.895049375142005488e+01 1.845038612941520171e+02
-1.734221161924204280e+00 -2.600641059864885207e+01 1.331580032201159725e+01 -2.997290313317889598e+01 -6.007189655257318606e+01 1.799800310246725985e+02
-2.296169317797034815e+00 -2.712830744322680587e+01 1.681032943501329768e+01 -2.840371269215728844e+01 -5.178529392558546363e+01 1.753312061879011310e+02
-2.819557949949715425e+00 -2.809446814730601361e+01 2.020368193408116753e+01 -2.681526710453812612e+01 -4.406464762954191627e+01 1.705879075191428456e+02
-3.309456792526277447e+00 -2.891225631434311794e+01 2.349133873924520799e+01 -2.524049728498628653e+01 -3.688026415200849328e+01 1.657835364631752384e+02
-3.770935579670749771e+00 -2.958903554779476508e+01 2.666878077053542384e+01 -2.371233414816660812e+01 -3.020244998055107999e+01 1.609514944647755499e+02
-4.209064045527162179e+00 -3.013216945111760126e+01 2.973148894798181274e+01 -2.226370860874395774e+01 -2.400151160273563278e+01 1.561251829687212762e+02
-4.628038315298829808e+00 -3.054887340815836438e+01 3.267963594447847697e+01 -2.091921475002417097e+01 -1.823814265518805655e+01 1.513240223297527223e+02
-5.028560078426201230e+00 -3.084576992432409526e+01 3.553216144437580226e+01 -1.967009932987696175e+01 -1.283458537077419948e+01 1.465115085424616836e+02
-5.410457415409011261e+00 -3.102933328541191926e+01 3.831269688488828962e+01 -1.849927227481305536e+01 -7.703469131419936389e+00 1.416371565114031057e+02
-5.773558406746989391e+00 -3.110603777721895824e+01 4.104487370323041517e+01 -1.738964351134312381e+01 -2.757423319051108379e+00 1.366504811411316780e+02
-6.117691132939871324e+00 -3.108235768554234113e+01 4.375232333661666928e+01 -1.632412296597788881e+01 2.090922684406421705e+00 1.315009973362022038e+02
-6.442539932227028032e+00 -3.096452730884383442e+01 4.644813217722730769e+01 -1.528496293794970384e+01 6.903252412680602745e+00 1.261666843538746576e+02
-6.747214173806360016e+00 -3.075782099624366239e+01 4.910320643710555544e+01 -1.425178521737749726e+01 1.163850106211456215e+01 1.207393788622292874e+02
-7.030679484615421693e+00 -3.046727310952674017e+01 5.167790728326049532e+01 -1.320355396710188245e+01 1.622991674470523904e+01 1.153393818820516685e+02
-7.291901491591751494e+00 -3.009791801047794380e+01 5.413259588270113198e+01 -1.211923334996345147e+01 2.061074757244956857e+01 1.100869944341271918e+02
-7.529845821672891404e+00 -2.965479006088213865e+01 5.642763340243646297e+01 -1.097778752880279285e+01 2.471424165734446632e+01 1.051025175392412763e+02
-7.743606408267687868e+00 -2.914215631371048332e+01 5.853499980127967461e+01 -9.769291156336038284e+00 2.849551730392429505e+01 1.004688358834226989e+02
-7.932790410670214953e+00 -2.856121458667912094e+01 6.047315020526089313e+01 -8.528260844781257788e+00 3.199717358687365376e+01 9.611916881367268672e+01
-8.097133294645832535e+00 -2.791239538869046299e+01 6.227215853221422748e+01 -7.300323696232103643e+00 3.528367977341437012e+01 9.194931934223596670e+01
-8.236370525959905819e+00 -2.719612922864692450e+01 6.396209869997388608e+01 -6.131106812782197935e+00 3.841950513076836415e+01 8.785509048135713783e+01
-8.350237570377807117e+00 -2.641284661545093115e+01 6.557304462637411291e+01 -5.066237296525172518e+00 4.146911892615758433e+01 8.373228524328085598e+01
-8.439226369877420808e+00 -2.556410624336663417e+01 6.712853366673570576e+01 -4.138742256186166202e+00 4.448044371299215527e+01 7.950336212032084404e+01
-8.506854771286713301e+00 -2.465597954810523973e+01 6.862595692632626765e+01 -3.331248827016397129e+00 4.743521518943511950e+01 7.519740152506726361e+01
-8.557397097646180839e+00 -2.369566615073972571e+01 7.005616894790004778e+01 -2.613784150898597503e+00 5.029862233983774189e+01 7.087013935017948540e+01
-8.595127671996309004e+00 -2.269036567234304513e+01 7.141002427421129539e+01 -1.956375369715499968e+00 5.303585414855127311e+01 6.657731148831680912e+01
-8.624320817377586934e+00 -2.164727773398814747e+01 7.267837744801420286e+01 -1.329049625349836061e+00 5.561209959992694252e+01 6.237465383213852022e+01
-8.647824614830630807e+00 -2.056979529219222869e+01 7.385482007201729004e+01 -7.045069659204504786e-01 5.801092820245072801e+01 5.829439720082103094e+01
-8.662782177396536554e+00 -1.944608464524931790e+01 7.494389198874574731e+01 -6.613906449062365023e-02 6.028943156114721802e+01 5.427475211960885559e+01
-8.664910376116537805e+00 -1.826050542689766587e+01 7.595287010067909250e+01 5.999894996402513891e-01 6.252308180517574954e+01 5.023042404026363528e+01
-8.649926082031850427e+00 -1.699741727087551624e+01 7.688903131029672977e+01 1.307814147172783548e+00 6.478735106369559560e+01 4.607611841454694712e+01
-8.613546166183704500e+00 -1.564117981092113041e+01 7.775965252007816275e+01 2.071270298807579735e+00 6.715771146586607188e+01 4.172654069422040379e+01
-8.552560326275354896e+00 -1.418289185831973320e+01 7.856892814016624982e+01 2.897883312938575706e+00 6.968182604155322224e+01 3.712890827065653809e+01
-8.468049566658146787e+00 -1.264060893454441903e+01 7.930872261135745305e+01 3.769538298733013271e+00 7.229612142344990389e+01 3.236048629367151364e+01
-8.362167718345467904e+00 -1.103912573861526703e+01 7.996781788211166031e+01 4.661710303051463278e+00 7.490921514495570932e+01 2.753105185269244259e+01
-8.237068612350689989e+00 -9.403236969552345670e+00 8.053499590088871685e+01 5.549874372754492136e+00 7.742972473947023104e+01 2.275038203714640161e+01
-8.094906079687198996e+00 -7.757737326375731435e+00 8.099903861614852474e+01 6.409505554702668917e+00 7.976626774039304735e+01 1.812825393646049932e+01
-7.937848110780598709e+00 -6.121158062900865282e+00 8.135189206986210309e+01 7.223877880435932042e+00 8.185298902476129967e+01 1.374509238749208784e+01
-7.768119333705378438e+00 -4.486976652124638143e+00 8.159815867804489642e+01 8.007461320211660905e+00 8.372614284416199837e+01 9.563913216819527108e+00
-7.587958535948268413e+00 -2.842407121839320538e+00 8.174560495022360840e+01 8.782524828966618458e+00 8.544751079381978798e+01 5.518379998451465873e+00
-7.399604504995986431e+00 -1.174663499837170555e+00 8.180199739592485741e+01 9.571337361637553443e+00 8.707887446895919936e+01 1.542156306396517573e+00
-7.205296028335248515e+00 5.290401860895476149e-01 8.177510252467523344e+01 1.039616787316121282e+01 8.868201546480480602e+01 -2.431094285336684813e+00
-7.006119104181695256e+00 2.277672054834313897e+00 8.167174500979155027e+01 1.127008548044127068e+01 9.030530802932680956e+01 -6.458355621718625983e+00
-6.798548573666645112e+00 4.064928812033541838e+00 8.149498217975123282e+01 1.216935994824905087e+01 9.194349702147776782e+01 -1.055920122363616187e+01
-6.577906488650310912e+00 5.880689310009504567e+00 8.124692952682178770e+01 1.306106120332284348e+01 9.357791995295595200e+01 -1.474385203095552832e+01
-6.339514900992928581e+00 7.714832401084358082e+00 8.092970254327076418e+01 1.391225917240088705e+01 9.518991433545951963e+01 -1.902252898354269206e+01
-6.078695862554726048e+00 9.557236937580302794e+00 8.054541672136576835e+01 1.469002378222144500e+01 9.676081768068669930e+01 -2.340545302126372817e+01
-5.791928236041261613e+00 1.140383141457423832e+01 8.009227476191682626e+01 1.537483461757684111e+01 9.827531891552925458e+01 -2.790356724103567032e+01
-5.480318127539426598e+00 1.327474289816191622e+01 7.955282819990434007e+01 1.600080989547571875e+01 9.973151262765354375e+01 -3.253070336797951256e+01
-5.146128453981446249e+00 1.519614809719379878e+01 7.890571577885121712e+01 1.661547749098079052e+01 1.011308448199194885e+02 -3.730141528426725017e+01
-4.791622132299544035e+00 1.719422372052034476e+01 7.812957624228039322e+01 1.726636527915477970e+01 1.024747614951870247e+02 -4.223025687207087486e+01
-4.419062079425940759e+00 1.929514647699200580e+01 7.720304833371471886e+01 1.800100113506038824e+01 1.037647086563160741e+02 -4.733178201356233927e+01
-4.030361671358995146e+00 2.151351307994147888e+01 7.611285433486568763e+01 1.885195934998502665e+01 1.050017193568313161e+02 -5.261131641509881973e+01
-3.626036120361573190e+00 2.381760026063029301e+01 7.487805068019872579e+01 1.979199988011479050e+01 1.061851748529163757e+02 -5.803727307977795391e+01
-3.206251097762684132e+00 2.616410475480223496e+01 7.352577734236777474e+01 2.077892909786048392e+01 1.073140434514196215e+02 -6.356883683488259607e+01
-2.771172274891327003e+00 2.850972329820105955e+01 7.208317429402681853e+01 2.177055337563288973e+01 1.083872934591893937e+02 -6.916519250769552229e+01
-2.320965323076506159e+00 3.081115262657054643e+01 7.057738150782978437e+01 2.272467908584279428e+01 1.094038931830740609e+02 -7.478552492549960107e+01
-1.855780274538643360e+00 3.303705298050974903e+01 6.902691218252525118e+01 2.360923342617980225e+01 1.103630906089117047e+02 -8.040601831350876694e+01
-1.375704605063826413e+00 3.520393862003889751e+01 6.741577242124002112e+01 2.443262689544872046e+01 1.112652524384990897e+02 -8.607085448866159538e+01
-8.808101513295658602e-01 3.734028731003352419e+01 6.571934155319556226e+01 2.521339081773316693e+01 1.121110250526228072e+02 -9.184121466582777771e+01
-3.711687500133682427e-01 3.947457681536911878e+01 6.391299890761327163e+01 2.597005651711674901e+01 1.129010548320692635e+02 -9.777828005987696258e+01
1.531477622072575928e-01 4.163528490092121359e+01 6.197212381371458889e+01 2.672115531768308827e+01 1.136359881576250501e+02 -1.039432318856788982e+02
6.918224124519021245e-01 4.384337310901210572e+01 5.987852170762023718e+01 2.748503341830541302e+01 1.143134533066738783e+02 -1.103826999721535174e+02
1.243557683028547300e+00 4.608973809175112990e+01 5.763970245304796691e+01 2.827929651701532165e+01 1.149190061429881666e+02 -1.170851086044215776e+02
1.806810920042273727e+00 4.835776027869448512e+01 5.526960202061487593e+01 2.912136518663407259e+01 1.154351844269376812e+02 -1.240243306816542628e+02
2.380039469598162594e+00 5.063082009939829220e+01 5.278215638093802653e+01 3.002865999998287805e+01 1.158445259188920886e+02 -1.311742391030225861e+02
2.961700677801292869e+00 5.289229798341866484e+01 5.019130150463443840e+01 3.101860152988295738e+01 1.161295683792210411e+02 -1.385087067676975323e+02
3.552586057556940347e+00 5.513125865873950460e+01 4.749860188775869574e+01 3.210216853610230459e+01 1.162568361086763957e+02 -1.460370030003360569e+02
4.162823788971145689e+00 5.735950404705560857e+01 4.465613612811549871e+01 3.326457252619587734e+01 1.161287995695387139e+02 -1.539099828275382436e+02
4.804876218950181688e+00 5.959452036848960432e+01 4.160361134894678514e+01 3.448458319466547550e+01 1.156319157644705484e+02 -1.623138977013903741e+02
5.491205694400284720e+00 6.185379384316402707e+01 3.828073467349472025e+01 3.574097023601282075e+01 1.146526416961345944e+02 -1.714349990739783038e+02
6.234274562227702710e+00 6.415481069120143331e+01 3.462721322500141952e+01 3.701250334473966319e+01 1.130774343671935469e+02 -1.814595383973881724e+02
7.041480177963755693e+00 6.650447634053651313e+01 3.060355170722370488e+01 3.828299806847078912e+01 1.108333743466846641e+02 -1.925209971518046643e+02
7.899959931640044175e+00 6.886737305035221368e+01 2.625344514597730594e+01 3.955645336732315087e+01 1.080100364691438273e+02 -2.045417769298074120e+02
8.791786221913245214e+00 7.119750228764365829e+01 2.164138614759269075e+01 4.084191405453673696e+01 1.047376191354815518e+02 -2.173915093520747064e+02
9.699031447440029652e+00 7.344886551940595609e+01 1.683186731840032735e+01 4.214842494335156431e+01 1.011463207466084100e+02 -2.309398260392850091e+02
1.060376800687707544e+01 7.557546421263421621e+01 1.188938126473067491e+01 4.348503084700762145e+01 9.736633970343490319e+01 -2.450563586121165542e+02
1.149295821228663605e+01 7.753441517790290050e+01 6.852974721721207807e+00 4.484013511286267573e+01 9.327626384771602375e+01 -2.596524420136370850e+02
1.237312402935314815e+01 7.929529660010388170e+01 1.659910939738346691e+00 4.611957522474536830e+01 8.774823878458535376e+01 -2.748062244764689694e+02
1.325567733716673580e+01 8.083080200770857004e+01 -3.777992702045177786e+00 4.720854720060227550e+01 7.940279956002021322e+01 -2.906375575556260742e+02
1.415203001481738099e+01 8.211362492918816258e+01 -9.548918824455675747e+00 4.799224705837976757e+01 6.686048121999918692e+01 -3.072662928061194521e+02
1.507359394139517050e+01 8.311645889301404111e+01 -1.574105004832017940e+01 4.835587081602439241e+01 4.874181881049989329e+01 -3.248122817829622022e+02
1.602473503282064016e+01 8.380072821748362344e+01 -2.240207595287844811e+01 4.817899351793445106e+01 2.423179917691983576e+01 -3.429540278002448872e+02
1.698163535233593535e+01 8.408278038019851408e+01 -2.941771395101997300e+01 4.731870631431562657e+01 -5.226783637657085535e+00 -3.596046412083648534e+02
1.791343100001381927e+01 8.386769364858656672e+01 -3.663318841404812787e+01 4.562647938182544749e+01 -3.762668379073081582e+01 -3.722358841168000936e+02
1.878925807592688457e+01 8.306054629007562085e+01 -4.389372371326501820e+01 4.295378289712159869e+01 -7.096065543979599965e+01 -3.783195186350257018e+02
1.957825268014787312e+01 8.156641657209333118e+01 -5.104454421997402136e+01 3.915208703686138847e+01 -1.032214527423529233e+02 -3.753273068725185908e+02
2.025595519745081319e+01 7.932583824990192056e+01 -5.794997025875443342e+01 3.417831457417893404e+01 -1.326284615763279930e+02 -3.616486299916286953e+02
2.082352315141553234e+01 7.642116703010010781e+01 -6.455070596729541421e+01 2.841119866811245487e+01 -1.583075947013800828e+02 -3.393433453661975250e+02
2.128851835032316231e+01 7.297021410712129352e+01 -7.080655143656207429e+01 2.233492507417729911e+01 -1.796113965975949895e+02 -3.113889294229430220e+02
2.165850260245494496e+01 6.909079067539838093e+01 -7.667730675752072500e+01 1.643367954788782370e+01 -1.958924117450627307e+02 -2.807628585885790358e+02
2.194103771609202624e+01 6.490070792936487010e+01 -8.212277202113655505e+01 1.119164784475939278e+01 -2.065031846238698563e+02 -2.504426092898240199e+02
2.214415842175043636e+01 6.051460775026387751e+01 -8.711019893416562354e+01 6.982903605134305636e+00 -2.111334184871021478e+02 -2.228669526577043882e+02
2.227779113888540508e+01 5.603445476658059476e+01 -9.163664566652248311e+01 3.741072008667247761e+00 -2.108214516798302327e+02 -1.983198386405030647e+02
2.235233520918702155e+01 5.155904429360981567e+01 -9.570662200391238628e+01 1.289666119840131353e+00 -2.069427813201222079e+02 -1.765465118908114448e+02
2.237818997434533586e+01 4.718717164664705166e+01 -9.932463773203988922e+01 -5.478009968646171401e-01 -2.008729045260462271e+02 -1.572922170612248465e+02
2.236575477605041939e+01 4.301763214098706811e+01 -1.024952026366101023e+02 -1.947816276964962068e+00 -1.939873184156695629e+02 -1.403021988043350632e+02
2.232411440124888458e+01 3.912424050842000156e+01 -1.052326339274832065e+02 -3.067420291613628169e+00 -1.874102915836578518e+02 -1.253144146521445492e+02
2.225709541791348656e+01 3.548088914671365757e+01 -1.075904785111420665e+02 -3.985868154503797278e+00 -1.812611785310634218e+02 -1.120376736542824716e+02
2.216720983927352506e+01 3.203648987013112048e+01 -1.096320907182245747e+02 -4.762968614963520864e+00 -1.754081052355365387e+02 -1.001734977397879476e+02
2.205696967855829271e+01 2.873995449293484583e+01 -1.114208248793691354e+02 -5.458530422321009823e+00 -1.697191976747267006e+02 -8.942340883769792015e+01
2.192888694899709634e+01 2.554019482938787888e+01 -1.130200353252137262e+02 -6.132362325904331612e+00 -1.640625818262842301e+02 -7.948892887705127919e+01
2.178538633130158075e+01 2.240006963307069654e+01 -1.144792409462927623e+02 -6.828612221131139748e+00 -1.583325006773236794e+02 -7.010993626820702218e+01
2.162854317611282440e+01 1.933822541483627688e+01 -1.157926188727247734e+02 -7.528784587776772952e+00 -1.525276652528210093e+02 -6.117973534681352987e+01
2.146034550155426857e+01 1.638725562485507581e+01 -1.169405107945246556e+02 -8.198723051706151566e+00 -1.466729035872164673e+02 -5.262998692983950377e+01
2.128278132574934389e+01 1.357975371329805014e+01 -1.179032584017070917e+02 -8.804271238784073361e+00 -1.407930437149511818e+02 -4.439235183425518017e+01
2.109783866682148101e+01 1.094831313033565934e+01 -1.186612033842869067e+02 -9.311272774875446245e+00 -1.349129136704653149e+02 -3.639849087702929609e+01
2.090735925976022358e+01 8.506564785088610137e+00 -1.192091011441297894e+02 -9.696201975362129133e+00 -1.290543692640222559e+02 -2.860821646729219125e+01
2.071259970701950337e+01 6.192289422476300764e+00 -1.195993619305053954e+02 -9.978055913694220180e+00 -1.232273774091730871e+02 -2.109394738281373094e+01
2.051467032791932610e+01 3.924305246367917110e+00 -1.198988097045341874e+02 -1.018646235283884849e+01 -1.174389327952911799e+02 -1.395625399352395846e+01
2.031468144177975788e+01 1.621430460632941273e+00 -1.201742684273366848e+02 -1.035104905576311651e+01 -1.116960301117506305e+02 -7.295706669353882567e+00
2.011374336792079731e+01 -7.975167308595522142e-01 -1.204925620600334781e+02 -1.050144378543416046e+01 -1.060056640479244976e+02 -1.212875780233284129e+00
1.991180068530431768e+01 -3.356183996143698778e+00 -1.208700589755657120e+02 -1.065836641431711129e+01 -1.003379234994542912e+02 4.295000878451544324e+00
1.970413501145942092e+01 -5.848082490868578454e+00 -1.211213051941571877e+02 -1.080690525286921755e+01 -9.451527418705019556e+01 9.644015809493836855e+00
1.948486222355706587e+01 -8.009189242586462143e+00 -1.210103911478523599e+02 -1.092324072104572252e+01 -8.832327603769086011e+01 1.535359409023045529e+01
1.924809819876817585e+01 -9.575481278850020317e+00 -1.203014072686956695e+02 -1.098355323880189971e+01 -8.154748897835385435e+01 2.194316079799927977e+01
1.898795881426371679e+01 -1.028293562721160903e+01 -1.187584439887315995e+02 -1.096402322609299596e+01 -7.397347293601792728e+01 2.993214101013706596e+01
1.870089692460570063e+01 -9.956718217339540544e+00 -1.162274856408364627e+02 -1.085619678367038787e+01 -6.540300456292179376e+01 3.966594291408395634e+01
1.839271329392056487e+01 -8.778750587365184543e+00 -1.128820921612146577e+02 -1.071308273546992318e+01 -5.570272741235087466e+01 5.079390713768676591e+01
1.807154566372580362e+01 -7.020143177535565826e+00 -1.089777173869021709e+02 -1.060305558622355981e+01 -4.475550176285022275e+01 6.279135741889627553e+01
1.774553177553895011e+01 -4.952006428097941004e+00 -1.047698151549355146e+02 -1.059448984066326105e+01 -3.244418789296675953e+01 7.513361749566119840e+01
1.742280937087749493e+01 -2.845450779299250943e+00 -1.005138393023505046e+02 -1.075576000352098838e+01 -1.865164608124531043e+01 8.729601110593235092e+01
1.711157869156783562e+01 -8.951253946275239404e-01 -9.640910851972758167e+01 -1.110986548339261759e+01 -3.188443977689388920e+00 9.884460646764661362e+01
1.682028998067172765e+01 1.010165669466651428e+00 -9.243040091182177775e+01 -1.149830530432976161e+01 1.442402128187477750e+01 1.097084497186955190e+02
1.655745598155983700e+01 3.058079633291609589e+00 -8.849635943693266427e+01 -1.171720339424789081e+01 3.473664519016165286e+01 1.199073314769567133e+02
1.633158943760278703e+01 5.436273717156048235e+00 -8.452562705335915894e+01 -1.156268368106253597e+01 5.830032323988911003e+01 1.294610423603097900e+02
1.615120309217122951e+01 8.332405141368258938e+00 -8.043684671940080477e+01 -1.083087009268921719e+01 8.566595092377107790e+01 1.383893729866325089e+02
1.602105650514145552e+01 1.185887686277968456e+01 -7.618588075228912260e+01 -9.451521655510642717e+00 1.165582966921795958e+02 1.467415060222606087e+02
1.593089650241240207e+01 1.582707478441190396e+01 -7.187746890498659980e+01 -7.888937789778737830e+00 1.473976208260957890e+02 1.546841923273532018e+02
1.586671672638866681e+01 1.997313054582982872e+01 -6.765357028938770156e+01 -6.741053014212459615e+00 1.737780565641597263e+02 1.624135748105272796e+02
1.581451081947484916e+01 2.403317578659766696e+01 -6.365614401738757522e+01 -6.605801847530967663e+00 1.912937371450066451e+02 1.701257963803982420e+02
1.576027242407553786e+01 2.774334214628033024e+01 -6.002714920088064332e+01 -8.081118808453338076e+00 1.955387958072754202e+02 1.780169999455830236e+02
1.569466020845404586e+01 3.090688868665840516e+01 -5.687498739071610032e+01 -1.141656981473822796e+01 1.842188147310526745e+02 1.860487977123427754e+02
1.562699294430849939e+01 3.359558415837830836e+01 -5.417382989355896683e+01 -1.546824638030329524e+01 1.634851718622241492e+02 1.932446790775225338e+02
1.557125442919573999e+01 3.594832473430268749e+01 -5.186429045502838164e+01 -1.874387141810601065e+01 1.416006940881234755e+02 1.983936027356128022e+02
1.554142846067261452e+01 3.810400658729393797e+01 -4.988698282074381041e+01 -1.975116784110338841e+01 1.268282082960876238e+02 2.002845273811034872e+02
1.555149883629596097e+01 4.020152589021482470e+01 -4.818252073632433508e+01 -1.699785856225274117e+01 1.274305413734506800e+02 1.977064117084849784e+02
1.561288000961893019e+01 4.236497551258585759e+01 -4.670091336199708820e+01 -9.538529555683384231e+00 1.490243176980367252e+02 1.896914559053989251e+02
1.572670905817990139e+01 4.465923511056042372e+01 -4.542975151641982734e+01 1.384780959789029486e+00 1.866413516096277192e+02 1.762448261320898837e+02
1.589155371551356133e+01 4.713438103694962678e+01 -4.436602143285829669e+01 1.398317170417547040e+01 2.326672549384897195e+02 1.576149300419554606e+02
1.610598171515460919e+01 4.984048964456501096e+01 -4.350670934457804861e+01 2.646774139748891486e+01 2.794876395148958181e+02 1.340501752883903919e+02
1.636856079063771219e+01 5.282763728621763732e+01 -4.284880148484477047e+01 3.704958875974019605e+01 3.194881171691111490e+02 1.057989695247931792e+02
1.667663154993598340e+01 5.611593426983124289e+01 -4.239489023506354926e+01 4.436825882608900429e+01 3.467410273309626518e+02 7.344060844783611230e+01
1.702262609877605826e+01 5.960562672377761118e+01 -4.216999256919748973e+01 4.877708189228101077e+01 3.620656198284883658e+02 3.887793992731045023e+01
1.739774941732303759e+01 6.316699473154131539e+01 -4.220473160934921708e+01 5.105783456920983809e+01 3.679678720892849242e+02 4.344699876280111894e+00
1.779320648574195829e+01 6.667031837660630345e+01 -4.252973047762132808e+01 5.199229346776846938e+01 3.669537615409465161e+02 -2.792537579218506494e+01
1.820020228419791763e+01 6.998587774245710591e+01 -4.317561229611643370e+01 5.236223519885018618e+01 3.615292656110680127e+02 -5.569855116502099435e+01
1.860369199318126832e+01 7.296827478786964605e+01 -4.412908692668400334e+01 5.279594082559769674e+01 3.541236527009130555e+02 -7.713194761428378854e+01
1.896363159448371150e+01 7.540939897278819615e+01 -4.520121119016123856e+01 5.330770922015187097e+01 3.468593551064171265e+02 -9.194611565253548235e+01
1.923372727022217177e+01 7.708546163244847094e+01 -4.615912864713206432e+01 5.375834370690302677e+01 3.417820960971851036e+02 -1.002524630774602912e+02
1.936768520251366965e+01 7.777267410208658305e+01 -4.676998285818061873e+01 5.400864761024158867e+01 3.409375989428210687e+02 -1.021623976867445123e+02
1.931921157347516527e+01 7.724724771693841774e+01 -4.680091738389085521e+01 5.391942425455787458e+01 3.463715869129292741e+02 -9.778732727807350500e+01
1.907208639983905130e+01 7.546795430772320401e+01 -4.612504113648549264e+01 5.340021543964225970e+01 3.589385436302811172e+02 -8.783169464408388194e+01
1.873038503679941158e+01 7.312380768709356005e+01 -4.503932443474197100e+01 5.255551686688512092e+01 3.747279941303120268e+02 -7.537208255721897388e+01
1.842825667416573054e+01 7.108638216318509251e+01 -4.394670294907633945e+01 5.153856271307676451e+01 3.886382238016265092e+02 -6.407810878487174477e+01
1.829985050174750327e+01 7.022725204413377753e+01 -4.325011234990473952e+01 5.050258715500763174e+01 3.955675180328265128e+02 -5.761939109443702023e+01
1.847931570935423196e+01 7.141799163807533546e+01 -4.335248830764324168e+01 4.960082436946797202e+01 3.904141622125156346e+02 -5.966554725330826159e+01
1.906095434182351767e+01 7.525936249374443321e+01 -4.454710979211099442e+01 4.893357943414608968e+01 3.699562822447398958e+02 -7.255652084297003057e+01
1.997967986410548846e+01 8.126887512227175137e+01 -4.668862897073946527e+01 4.838944103032152810e+01 3.384913660953138788e+02 -9.331355870127032404e+01
2.113055859617845300e+01 8.869322727538727236e+01 -4.952204131036337031e+01 4.780406874017167951e+01 3.021967422454926009e+02 -1.176282334801492766e+02
2.240865685802057428e+01 9.677911670481995543e+01 -5.279234227781703481e+01 4.701312214587403560e+01 2.672497391765365933e+02 -1.411921178315436123e+02
2.370904096961021423e+01 1.047732411623001099e+02 -5.624452733993530273e+01 4.585226082960595306e+01 2.398276853696999353e+02 -1.596967844073940057e+02
2.493397895736365300e+01 1.119725777344148554e+02 -5.966132376622518763e+01 4.422393485422987425e+01 2.238317416026513627e+02 -1.698949485156040282e+02
2.601454567344993762e+01 1.178752208471853606e+02 -6.297638603688531589e+01 4.229775620534765324e+01 2.140583978386919455e+02 -1.727838960879451804e+02
2.688901767647605823e+01 1.220295442614899599e+02 -6.616110043478647640e+01 4.031012734924637186e+01 2.030279763375343691e+02 -1.704220557121541049e+02
2.749567152504917189e+01 1.239839217382077976e+02 -6.918685324280005489e+01 3.849745075221277801e+01 1.832607993588891588e+02 -1.648678559759676148e+02
2.777278377777631491e+01 1.232867270382175349e+02 -7.202503074379686154e+01 3.709612888053392510e+01 1.472771891624698810e+02 -1.581797254671231769e+02
2.768947117645233646e+01 1.197297172160240564e+02 -7.464869148272710220e+01 3.615460877006503182e+01 9.040586698951294409e+01 -1.519540096635450936e+02
2.733821119562304247e+01 1.140781825006374106e+02 -7.703758305285580832e+01 3.496951573493512910e+01 1.920915000737456779e+01 -1.459387216039103805e+02
2.684232149302199488e+01 1.073407964146931448e+02 -7.917312530952742122e+01 3.264951965884149843e+01 -5.694224563507194858e+01 -1.394197912170830591e+02
2.632511972638278763e+01 1.005262324808277583e+02 -8.103673810808592748e+01 2.830329042548174101e+01 -1.286776037889408428e+02 -1.316831484319281458e+02
2.590992355343892584e+01 9.464316422167658516e+01 -8.260984130387562629e+01 2.103949791855281859e+01 -1.866262083053588583e+02 -1.220147231773094063e+02
2.568852595696255037e+01 9.045070507171743657e+01 -8.388502471590126675e+01 1.045756127575005401e+01 -2.237385568903169428e+02 -1.100377581349055873e+02
2.562662121987978381e+01 8.770972811279236225e+01 -8.489955801781054845e+01 -1.880103349243648081e+00 -2.422500026693152222e+02 -9.672474699764705974e+01
2.565837895015529213e+01 8.593154633858536329e+01 -8.570188084691160668e+01 -1.392033054874614173e+01 -2.467171126227239313e+02 -8.338549621127977218e+01
2.571796875575375907e+01 8.462747274278004284e+01 -8.634043284051280409e+01 -2.360995491507732780e+01 -2.416964537309156924e+02 -7.132981222154744216e+01
2.573956024463983994e+01 8.330882031906023144e+01 -8.686365363592234701e+01 -2.889581104055528016e+01 -2.317445929742628437e+02 -6.186750147419589752e+01
2.567255578054759013e+01 8.160077604259068096e+01 -8.730747447681434892e+01 -2.847684364008618019e+01 -2.209545923827288050e+02 -5.563449562344711552e+01
2.552728875028858369e+01 7.958402281446089432e+01 -8.765779303232609720e+01 -2.406043791892300021e+01 -2.115654941846466386e+02 -5.057122715743641095e+01
2.532932529644378405e+01 7.745311751724123894e+01 -8.788799857796087167e+01 -1.810608920490522777e+01 -2.053528356579402043e+02 -4.394425377277605094e+01
2.510423156159415825e+01 7.540261703350238065e+01 -8.797148038922178159e+01 -1.307329282587310892e+01 -2.040921540805344705e+02 -3.302013316607942528e+01
2.487757368832065552e+01 7.362707824581461580e+01 -8.788162774161200730e+01 -1.142154410966606548e+01 -2.095589867303537517e+02 -1.506542303395825400e+01
2.467007332568727662e+01 7.226764231115900827e+01 -8.760547620982593742e+01 -1.482808237449825484e+01 -2.226622289213278520e+02 1.120890465155172855e+01
2.448307414869011822e+01 7.125178748415802943e+01 -8.718464656532262325e+01 -2.184112290008088308e+01 -2.408442081114110351e+02 4.131422081673280644e+01
2.431307533880832850e+01 7.045357629384469078e+01 -8.667440587875235281e+01 -3.022662495649856140e+01 -2.606806097945607803e+02 6.931748211244118352e+01
2.415657607752103075e+01 6.974707126925189016e+01 -8.613002122076535727e+01 -3.775054781383684599e+01 -2.787471194647368975e+02 8.928564518953717766e+01
2.401007554630735896e+01 6.900633493941261065e+01 -8.560675966201185361e+01 -4.217885074218114028e+01 -2.916194226158991114e+02 9.528566669887968033e+01
2.387217891464183950e+01 6.814175526806766925e+01 -8.515723194254256612e+01 -4.191985031381863536e+01 -2.968600917574715368e+02 8.342603494700708211e+01
2.374991530398048312e+01 6.720902195778906218e+01 -8.482342348000973686e+01 -3.795129230984645119e+01 -2.959792474607455688e+02 5.798136486317816463e+01
2.365241982377470720e+01 6.630015014585676170e+01 -8.464466336146608683e+01 -3.189327981356446884e+01 -2.914738973124784707e+02 2.526780303233498159e+01
2.358882758347591846e+01 6.550715496955064054e+01 -8.466028067396429435e+01 -2.536591590827172737e+01 -2.858410488994272782e+02 -8.398503960585227190e+00
2.356827369253552362e+01 6.492205156615065675e+01 -8.490960450455708042e+01 -1.998930367726832813e+01 -2.815777098083495957e+02 -3.670140953063964417e+01
2.359340199710383956e+01 6.459265343427951223e+01 -8.539819539677513660e+01 -1.708301235924121642e+01 -2.804732771237864313e+02 -5.420972899780814913e+01
2.364089129012683088e+01 6.438996751793146700e+01 -8.599653972006105107e+01 -1.676447581442947055e+01 -2.814867059214146252e+02 -5.903212530173661321e+01
2.368092910124939721e+01 6.414079912244366710e+01 -8.654135530033558155e+01 -1.885059405845974467e+01 -2.828693407746953881e+02 -5.016222328699034705e+01
2.368370296011643106e+01 6.367195355315320171e+01 -8.686935996351930100e+01 -2.315826710695855439e+01 -2.828725262570894756e+02 -2.659364779813499879e+01
2.361940039637280009e+01 6.281023611539713869e+01 -8.681727153553292453e+01 -2.950439497555294821e+01 -2.797476069420576437e+02 1.267997632026671972e+01
2.346493848292038464e+01 6.144234402994504762e+01 -8.625866321842819673e+01 -3.754373607937359481e+01 -2.719961310896202917e+02 6.728497844521837123e+01
2.322415246568887426e+01 5.969454217929568074e+01 -8.521452971878134974e+01 -4.628248243157041486e+01 -2.591204617060330975e+02 1.313275048400192020e+02
2.290760713386496761e+01 5.775298736138043409e+01 -8.374272111929980156e+01 -5.456468444479641988e+01 -2.408731654841125760e+02 1.975336559895300468e+02
2.252586727663532784e+01 5.580383637413039111e+01 -8.190108750269079962e+01 -6.123439253170608509e+01 -2.170068091166726276e+02 2.586295323786230824e+02
2.208949768318666074e+01 5.403324601547696204e+01 -7.974747895166186140e+01 -6.513565710495258543e+01 -1.872739592965307054e+02 3.073412344921593444e+02
2.161191063229916054e+01 5.258681796248628615e+01 -7.734649651149636895e+01 -6.546546784924950657e+01 -1.519795720953528644e+02 3.382439262208463902e+02
2.111790836112731640e+01 5.144793340876498178e+01 -7.478974507778291070e+01 -6.283257153754786373e+01 -1.136381611002230869e+02 3.533090250787316222e+02
2.063514059641909881e+01 5.055941842705453837e+01 -7.217558050868589703e+01 -5.819865421485805967e+01 -7.531662927707232313e+01 3.563570119857040481e+02
2.019125706492255290e+01 4.986409909009656616e+01 -6.960235866237013624e+01 -5.252540192619103721e+01 -4.008187959183800331e+01 3.512083678616503448e+02
1.981390749338563850e+01 4.930480147063257590e+01 -6.716843539700005294e+01 -4.677450071655688646e+01 -1.100081501045125698e+01 3.416835736264574734e+02
1.952232882006504866e+01 4.883382081944973407e+01 -6.495370968043239657e+01 -4.173453021695447518e+01 9.723517750278194427e+00 3.310461457322511478e+02
1.930210682925199350e+01 4.844132909951729005e+01 -6.296425291929129742e+01 -3.750164440233286456e+01 2.334349697005308499e+01 3.203317427601061240e+02
1.913041451674638793e+01 4.812696745185012759e+01 -6.118767962989322484e+01 -3.399889083362973707e+01 3.197535717770003671e+01 3.100190588233365929e+02
1.898442487834810777e+01 4.789037701746308073e+01 -5.961160432855436397e+01 -3.114931707178221743e+01 3.773533290204753143e+01 3.005867880352554380e+02
1.884131090985702883e+01 4.773119893737099773e+01 -5.822364153159092837e+01 -2.887597067772750847e+01 4.273965867192355006e+01 2.925136245091755427e+02
1.868577754332844876e+01 4.765006541892365277e+01 -5.702069650100105491e+01 -2.705651644462512095e+01 4.885618823744884054e+01 2.859950085292028916e+02
1.853265745583914992e+01 4.765157293481049550e+01 -5.603683748150950095e+01 -2.538708809452218063e+01 5.695925223391849812e+01 2.800933650626087115e+02
1.840431526072133650e+01 4.774130902405585886e+01 -5.531542346352293293e+01 -2.351843658168812823e+01 6.767480051791969231e+01 2.735878652474576711e+02
1.832311557130719137e+01 4.792486122568413265e+01 -5.489981343744790365e+01 -2.110131286039207410e+01 8.162878294604125529e+01 2.652576802218130183e+02
1.831142300092890807e+01 4.820781707871965693e+01 -5.483336639369103693e+01 -1.778646788490352648e+01 9.944714937486983786e+01 2.538819811237393935e+02
1.838275843076103655e+01 4.859289785157823616e+01 -5.512371368286637363e+01 -1.339307095068828346e+01 1.212570362995213458e+02 2.387807194166621230e+02
1.851526781334754901e+01 4.907135973024124809e+01 -5.563557609641770796e+01 -8.413964718000062959e+00 1.451903267692141242e+02 2.214369678654587403e+02
1.867825336907483447e+01 4.963159263008162725e+01 -5.619794678599642168e+01 -3.510410188288588085e+00 1.688800904716971161e+02 2.038745795603666124e+02
1.884101731832921800e+01 5.026198646647215895e+01 -5.663981890325375446e+01 6.563316369955828344e-01 1.899593970947149728e+02 1.881174075916259767e+02
1.897286188149706732e+01 5.095093115478575641e+01 -5.679018559984104542e+01 3.424999756402656637e+00 2.060613163260162537e+02 1.761893050494741431e+02
1.905207753178043717e+01 5.169252498933255424e+01 -5.653560666493200415e+01 4.414725617359805732e+00 2.156839331827819706e+02 1.691166085225317204e+02
1.909290775364424064e+01 5.250369978017214123e+01 -5.599290843779000681e+01 4.366210462804773762e+00 2.207853939999378383e+02 1.639355885929402348e+02
1.911858428436907786e+01 5.340709571630125652e+01 -5.533648389520086397e+01 4.300547984552743230e+00 2.241888604418437296e+02 1.566849993412231186e+02
1.915233886123557383e+01 5.442535298671685240e+01 -5.474072601395036486e+01 5.238831874418944601e+00 2.287174941728605688e+02 1.434035948479025819e+02
1.921740322152432157e+01 5.558111178041566802e+01 -5.438002777082430583e+01 8.202155824218474223e+00 2.371944568573482002e+02 1.201301291935027535e+02
1.933064066762742428e+01 5.688965958358978270e+01 -5.437963928661952906e+01 1.381045491602854192e+01 2.512744550497930902e+02 8.441260099646868298e+01
1.948344076238283051e+01 5.833687307121150667e+01 -5.466823925817690366e+01 2.107902979297256252e+01 2.679383748651800943e+02 3.983598702694705196e+01
1.966082463374000611e+01 5.990127621544856851e+01 -5.512536352634839432e+01 2.862202248843678376e+01 2.829986473086220258e+02 -8.505491406998151760e+00
1.984781340964837071e+01 6.156139298846839125e+01 -5.563054793198591597e+01 3.505357503580621170e+01 2.922677033852289696e+02 -5.551761299729501786e+01
2.002942821805738660e+01 6.329574736243871058e+01 -5.606332831594141908e+01 3.898782946846702657e+01 2.915579741001129719e+02 -9.610615643587981083e+01
2.019653344207272738e+01 6.508322504153204591e+01 -5.634650538500582684e+01 3.946704257101475832e+01 2.782618340408997142e+02 -1.264175641046068961e+02
2.036336648542510375e+01 6.690415865794162187e+01 -5.657593930972619489e+01 3.724593013288629351e+01 2.560914321252706713e+02 -1.475609331450397690e+02
2.055000800700143415e+01 6.873924257586544684e+01 -5.689075512658854450e+01 3.350732269472884894e+01 2.303388608534245066e+02 -1.618860243886629746e+02
2.077653866568866903e+01 7.056917115950179209e+01 -5.743007787207892534e+01 2.943405079718938566e+01 2.062962127255567850e+02 -1.717425986669639997e+02
2.106303912037375881e+01 7.237463877304888626e+01 -5.833303258268341551e+01 2.620894498091477587e+01 1.892555802418634983e+02 -1.794804168114295067e+02
2.142156399688074586e+01 7.413571060090006881e+01 -5.968565955549534863e+01 2.472935392284269795e+01 1.826184874041778698e+02 -1.871631111971846337e+02
2.183206378878225706e+01 7.582993510823006034e+01 -6.136166013003765585e+01 2.475069884507177065e+01 1.822241842208702565e+02 -1.957098003739131400e+02
2.226646295658797570e+01 7.743423158040866383e+01 -6.318165090644039594e+01 2.574291910599109201e+01 1.820213522019469110e+02 -2.057534744349366633e+02
2.269668596080766676e+01 7.892551930280590966e+01 -6.496624848483389769e+01 2.717595406398982760e+01 1.759586728574136600e+02 -2.179271234735786607e+02
2.309465726195100999e+01 8.028071756079161503e+01 -6.653606946534820565e+01 2.851974307745695469e+01 1.579848276972770975e+02 -2.328637375831604004e+02
2.343843201628829220e+01 8.147870558959149889e+01 -6.776196955861250615e+01 2.936582611489986050e+01 1.244930493490805503e+02 -2.506349227776298676e+02
2.373058816313176678e+01 8.250620242385409142e+01 -6.871576091725120250e+01 2.979214558529850265e+01 8.165477491052740788e+01 -2.690667487534290103e+02
2.397983433755431548e+01 8.335188704808382454e+01 -6.951949480438777584e+01 2.999824450775117057e+01 3.808599259685370697e+01 -2.854239011276272890e+02
2.419487917462872417e+01 8.400443844678503069e+01 -7.029522248314559363e+01 3.018366590135607552e+01 2.402690623302518258e+00 -2.969710655172909810e+02
2.438443130942784620e+01 8.445253560446204233e+01 -7.116499521664806593e+01 3.054795278521145363e+01 -1.677914279488956950e+01 -3.009729275394888646e+02
2.455690581751559520e+01 8.469866256707067009e+01 -7.222014114181644118e+01 3.122637174251671510e+01 -1.393693277538215902e+01 -2.958757817775187391e+02
2.471954353642027158e+01 8.480052362637228214e+01 -7.342909589076369059e+01 3.209708361287610501e+01 4.078242232560776337e+00 -2.848523586795992060e+02
2.487929174416126799e+01 8.482962813557972481e+01 -7.472957196940048163e+01 3.297397279999492525e+01 2.732189044677299350e+01 -2.722569976601805593e+02
2.504309771875800195e+01 8.485748544790581605e+01 -7.605928188363773756e+01 3.367092370757865893e+01 4.584952008509137045e+01 -2.624440381337112171e+02
2.521790873822984125e+01 8.495560491656334534e+01 -7.735593813938609742e+01 3.400182073933261506e+01 4.971663936534962858e+01 -2.597678195146412463e+02
2.540816456614502883e+01 8.516668342949512294e+01 -7.857785387086089202e+01 3.381974459594403015e+01 3.187940662883499954e+01 -2.670928830778310612e+02
2.560827490826701336e+01 8.541816801356351618e+01 -7.976574472549465611e+01 3.313456116602739598e+01 -3.103419289356481148e+00 -2.813245775397852526e+02
2.581014195590812932e+01 8.560869323036102685e+01 -8.098092697902467307e+01 3.199533263517897197e+01 -4.777242943068129932e+01 -2.978784534774213739e+02
2.600566790038065434e+01 8.563689364148000038e+01 -8.228471690718792786e+01 3.045112118899515607e+01 -9.466821483658935676e+01 -3.121700614676545911e+02
2.618675493299690160e+01 8.540140380851283908e+01 -8.373843078572161858e+01 2.855098901307210468e+01 -1.363313665485381705e+02 -3.196149520874024006e+02
2.634760864758620258e+01 8.483696679967185617e+01 -8.537965589857491011e+01 2.639575388538541034e+01 -1.669095413089511908e+02 -3.169788207237683082e+02
2.649164824804606511e+01 8.402275970964868179e+01 -8.715106356254544551e+01 2.429325595342668365e+01 -1.869786586641515100e+02 -3.064279420046062228e+02
2.662459634079101534e+01 8.307406813975499915e+01 -8.897159610264282037e+01 2.260309095706702465e+01 -1.987217038614311093e+02 -2.914787353679587909e+02
2.675217553223561850e+01 8.210617769130234933e+01 -9.076019584387684347e+01 2.168485463617723141e+01 -2.043216621480849255e+02 -2.756476202518675791e+02
2.688010842879439721e+01 8.123437396560225920e+01 -9.243580511125725252e+01 2.189814273062822636e+01 -2.059615187714065030e+02 -2.624510160943735286e+02
2.701262263610205849e+01 8.054680363026476186e+01 -9.393354071474009004e+01 2.344950970364122256e+01 -2.056126733847048342e+02 -2.545311629216061249e+02
2.714796575667392631e+01 8.002305761809310525e+01 -9.525321740406734250e+01 2.593334491183883728e+01 -2.044001832653499378e+02 -2.510335831120386558e+02
2.728289039224548063e+01 7.961558792818904351e+01 -9.641082441392725855e+01 2.879099643519366580e+01 -2.032375200967272235e+02 -2.502296196322321009e+02
2.741414914455221563e+01 7.927684655965423133e+01 -9.742235097900829999e+01 3.146381235367874396e+01 -2.030381555622220731e+02 -2.503906154487467575e+02
2.753849461532960419e+01 7.895928551159039444e+01 -9.830378633399870125e+01 3.339314074726664927e+01 -2.047155613452196405e+02 -2.497879135281431786e+02
2.765267940631313337e+01 7.861535678309918751e+01 -9.907111971358686731e+01 3.402032969593033584e+01 -2.091832091291055349e+02 -2.466928568369818038e+02
2.775345611923830091e+01 7.819751237328235050e+01 -9.974034035246113206e+01 3.278672727964256239e+01 -2.173545705972646545e+02 -2.393767883418234987e+02
2.783757735584057613e+01 7.765820428124152386e+01 -1.003274374853098720e+02 2.913368157837600592e+01 -2.301431174330830629e+02 -2.261110510092279924e+02
2.790179571785544255e+01 7.694988450607843333e+01 -1.008484003468213359e+02 2.250254067210379461e+01 -2.484623213199448628e+02 -2.051669878057570031e+02
2.794286380701839079e+01 7.602500504689473360e+01 -1.013192181716839713e+02 1.233465264079813473e+01 -2.732256539412371126e+02 -1.748159416979691798e+02
